start	strand	num_CoV_aligned	specificity
8	+	0	1
47	+	1	0.833333333333333
58	+	1	0.833333333333333
59	+	1	0.833333333333333
236	+	1	0.833333333333333
275	+	0	1
276	+	0	1
383	+	0	1
414	+	0	1
415	+	0	1
416	+	0	1
458	+	1	0.833333333333333
582	+	0	1
629	+	1	0.833333333333333
664	+	0	1
720	+	0	1
721	+	0	1
734	+	0	1
848	+	1	0.833333333333333
872	+	0	1
954	+	1	0.833333333333333
981	+	0	1
982	+	0	1
1011	+	0	1
1016	+	0	1
1024	+	0	1
1028	+	0	1
1057	+	0	1
1075	+	0	1
1110	+	0	1
1111	+	0	1
1115	+	1	0.833333333333333
1116	+	1	0.833333333333333
1117	+	1	0.833333333333333
1171	+	0	1
1185	+	0	1
1227	+	0	1
1256	+	0	1
1295	+	0	1
1329	+	0	1
1330	+	0	1
1343	+	0	1
1344	+	0	1
1424	+	0	1
1425	+	0	1
1599	+	0	1
1608	+	0	1
1609	+	0	1
1610	+	0	1
1616	+	1	0.833333333333333
1646	+	0	1
1710	+	0	1
1718	+	0	1
1733	+	0	1
1742	+	0	1
1746	+	0	1
1772	+	0	1
1780	+	0	1
1781	+	0	1
1786	+	0	1
1787	+	0	1
1793	+	0	1
1794	+	0	1
1795	+	0	1
1796	+	0	1
1823	+	0	1
1902	+	0	1
1911	+	0	1
1912	+	0	1
2109	+	0	1
2110	+	0	1
2111	+	0	1
2117	+	0	1
2184	+	0	1
2192	+	0	1
2217	+	0	1
2232	+	0	1
2248	+	0	1
2253	+	0	1
2290	+	0	1
2294	+	0	1
2339	+	0	1
2345	+	0	1
2364	+	0	1
2383	+	0	1
2398	+	0	1
2408	+	0	1
2421	+	0	1
2443	+	0	1
2444	+	0	1
2452	+	0	1
2453	+	0	1
2457	+	0	1
2478	+	0	1
2519	+	0	1
2520	+	0	1
2619	+	0	1
2624	+	0	1
2634	+	0	1
2635	+	0	1
2671	+	0	1
2690	+	0	1
2707	+	0	1
2784	+	0	1
2795	+	0	1
2848	+	0	1
2884	+	0	1
2885	+	0	1
2886	+	0	1
2987	+	0	1
3116	+	0	1
3201	+	0	1
3252	+	0	1
3340	+	0	1
3341	+	0	1
3365	+	0	1
3366	+	0	1
3367	+	0	1
3392	+	0	1
3393	+	0	1
3394	+	0	1
3400	+	0	1
3401	+	0	1
3440	+	0	1
3469	+	0	1
3536	+	0	1
3578	+	0	1
3604	+	0	1
3614	+	0	1
3651	+	0	1
3652	+	0	1
3757	+	0	1
3782	+	0	1
3783	+	0	1
3784	+	0	1
3797	+	0	1
3819	+	0	1
3831	+	0	1
3832	+	0	1
3846	+	0	1
3847	+	0	1
3866	+	0	1
3894	+	0	1
3899	+	0	1
3919	+	0	1
3920	+	0	1
3935	+	0	1
3936	+	0	1
3941	+	0	1
3978	+	0	1
3996	+	0	1
3997	+	0	1
4081	+	0	1
4085	+	0	1
4154	+	0	1
4155	+	0	1
4156	+	0	1
4176	+	1	0.833333333333333
4187	+	0	1
4198	+	0	1
4199	+	0	1
4246	+	0	1
4270	+	0	1
4283	+	0	1
4284	+	0	1
4285	+	0	1
4292	+	0	1
4293	+	0	1
4341	+	0	1
4374	+	0	1
4395	+	1	0.833333333333333
4403	+	0	1
4425	+	0	1
4430	+	0	1
4457	+	0	1
4472	+	0	1
4473	+	0	1
4526	+	0	1
4527	+	0	1
4567	+	0	1
4572	+	0	1
4615	+	0	1
4652	+	0	1
4727	+	0	1
4728	+	0	1
4752	+	0	1
4778	+	0	1
4841	+	1	0.833333333333333
4842	+	0	1
5060	+	1	0.833333333333333
5061	+	1	0.833333333333333
5065	+	1	0.833333333333333
5066	+	1	0.833333333333333
5090	+	0	1
5091	+	0	1
5194	+	0	1
5204	+	0	1
5205	+	0	1
5206	+	0	1
5213	+	0	1
5246	+	0	1
5298	+	0	1
5433	+	0	1
5477	+	0	1
5478	+	0	1
5501	+	0	1
5502	+	0	1
5585	+	0	1
5615	+	0	1
5626	+	0	1
5627	+	0	1
5753	+	0	1
5768	+	0	1
5772	+	0	1
5806	+	0	1
5822	+	0	1
5849	+	0	1
5853	+	0	1
5854	+	0	1
5875	+	0	1
5876	+	0	1
5891	+	0	1
5916	+	0	1
5948	+	0	1
5992	+	0	1
6007	+	0	1
6050	+	0	1
6067	+	0	1
6089	+	0	1
6110	+	0	1
6133	+	0	1
6161	+	1	0.833333333333333
6185	+	0	1
6194	+	0	1
6206	+	0	1
6242	+	0	1
6254	+	0	1
6259	+	0	1
6292	+	1	0.833333333333333
6293	+	1	0.833333333333333
6303	+	0	1
6310	+	0	1
6376	+	0	1
6377	+	0	1
6402	+	0	1
6403	+	0	1
6419	+	1	0.833333333333333
6443	+	0	1
6444	+	0	1
6476	+	0	1
6484	+	0	1
6496	+	0	1
6497	+	0	1
6498	+	0	1
6569	+	0	1
6602	+	0	1
6603	+	0	1
6686	+	0	1
6727	+	0	1
6802	+	1	0.833333333333333
6815	+	1	0.833333333333333
6841	+	0	1
6866	+	0	1
6917	+	0	1
6925	+	0	1
7158	+	0	1
7167	+	0	1
7187	+	0	1
7362	+	0	1
7427	+	0	1
7428	+	0	1
7484	+	0	1
7568	+	1	0.833333333333333
7580	+	0	1
7676	+	0	1
7677	+	0	1
7687	+	1	0.833333333333333
7763	+	0	1
7773	+	0	1
7774	+	0	1
7785	+	1	0.833333333333333
7841	+	0	1
7880	+	1	0.833333333333333
7885	+	0	1
7886	+	1	0.833333333333333
7906	+	0	1
7907	+	0	1
8009	+	0	1
8010	+	0	1
8064	+	0	1
8065	+	0	1
8066	+	0	1
8072	+	0	1
8073	+	0	1
8107	+	0	1
8184	+	0	1
8189	+	1	0.833333333333333
8210	+	1	0.833333333333333
8279	+	0	1
8286	+	1	0.833333333333333
8287	+	1	0.833333333333333
8356	+	0	1
8357	+	0	1
8358	+	0	1
8390	+	0	1
8422	+	0	1
8423	+	0	1
8427	+	0	1
8444	+	1	0.833333333333333
8445	+	1	0.833333333333333
8446	+	1	0.833333333333333
8512	+	0	1
8534	+	0	1
8535	+	0	1
8567	+	0	1
8636	+	0	1
8658	+	0	1
8732	+	0	1
8789	+	0	1
8944	+	0	1
8945	+	0	1
9011	+	1	0.833333333333333
9081	+	0	1
9213	+	0	1
9316	+	0	1
9694	+	0	1
9727	+	0	1
9799	+	0	1
9803	+	0	1
9807	+	0	1
9817	+	0	1
9949	+	0	1
10005	+	2	0.666666666666667
10045	+	1	0.833333333333333
10046	+	1	0.833333333333333
10047	+	1	0.833333333333333
10067	+	1	0.833333333333333
10281	+	1	0.833333333333333
10282	+	1	0.833333333333333
10599	+	0	1
10672	+	0	1
10800	+	1	0.833333333333333
10837	+	0	1
10838	+	1	0.833333333333333
10851	+	0	1
10852	+	0	1
10950	+	1	0.833333333333333
10961	+	0	1
10962	+	0	1
11067	+	0	1
11068	+	0	1
11132	+	0	1
11281	+	0	1
11282	+	0	1
11402	+	0	1
11759	+	0	1
11771	+	0	1
11792	+	0	1
11804	+	0	1
11825	+	0	1
11826	+	0	1
11839	+	1	0.833333333333333
11900	+	0	1
11948	+	0	1
11970	+	0	1
11971	+	0	1
11972	+	0	1
11973	+	0	1
12025	+	1	0.833333333333333
12042	+	0	1
12176	+	1	0.833333333333333
12177	+	1	0.833333333333333
12178	+	1	0.833333333333333
12206	+	1	0.833333333333333
12249	+	1	0.833333333333333
12250	+	1	0.833333333333333
12276	+	2	0.666666666666667
12284	+	1	0.833333333333333
12313	+	1	0.833333333333333
12314	+	1	0.833333333333333
12358	+	1	0.833333333333333
12449	+	0	1
12485	+	0	1
12486	+	0	1
12487	+	0	1
12534	+	0	1
12563	+	0	1
12564	+	0	1
12582	+	1	0.833333333333333
12656	+	0	1
12723	+	0	1
12769	+	0	1
12818	+	0	1
12905	+	2	0.666666666666667
12914	+	1	0.833333333333333
12938	+	0	1
12946	+	0	1
12955	+	0	1
13076	+	0	1
13085	+	0	1
13255	+	0	1
13262	+	1	0.833333333333333
13279	+	1	0.833333333333333
13280	+	1	0.833333333333333
13296	+	0	1
13340	+	1	0.833333333333333
13341	+	1	0.833333333333333
13342	+	1	0.833333333333333
13373	+	1	0.833333333333333
13444	+	0	1
13540	+	0	1
13558	+	1	0.833333333333333
13566	+	0	1
13567	+	1	0.833333333333333
13568	+	1	0.833333333333333
13592	+	1	0.833333333333333
13593	+	1	0.833333333333333
13670	+	1	0.833333333333333
13711	+	1	0.833333333333333
13780	+	1	0.833333333333333
13845	+	1	0.833333333333333
13846	+	1	0.833333333333333
13850	+	1	0.833333333333333
13894	+	1	0.833333333333333
13895	+	1	0.833333333333333
13896	+	1	0.833333333333333
13919	+	1	0.833333333333333
13920	+	1	0.833333333333333
13980	+	1	0.833333333333333
13981	+	1	0.833333333333333
13982	+	1	0.833333333333333
14010	+	1	0.833333333333333
14090	+	2	0.666666666666667
14205	+	0	1
14232	+	0	1
14233	+	0	1
14259	+	0	1
14260	+	0	1
14281	+	0	1
14307	+	1	0.833333333333333
14352	+	0	1
14412	+	1	0.833333333333333
14413	+	1	0.833333333333333
14414	+	1	0.833333333333333
14496	+	1	0.833333333333333
14590	+	0	1
14642	+	1	0.833333333333333
14650	+	1	0.833333333333333
14668	+	2	0.666666666666667
14730	+	1	0.833333333333333
14731	+	1	0.833333333333333
14917	+	0	1
14941	+	1	0.833333333333333
15012	+	1	0.833333333333333
15013	+	1	0.833333333333333
15041	+	1	0.833333333333333
15069	+	2	0.666666666666667
15137	+	1	0.833333333333333
15138	+	1	0.833333333333333
15139	+	1	0.833333333333333
15148	+	1	0.833333333333333
15196	+	1	0.833333333333333
15225	+	0	1
15226	+	0	1
15227	+	0	1
15248	+	1	0.833333333333333
15249	+	1	0.833333333333333
15280	+	5	0.166666666666667
15340	+	1	0.833333333333333
15413	+	2	0.666666666666667
15445	+	1	0.833333333333333
15559	+	0	1
15560	+	0	1
15618	+	1	0.833333333333333
15670	+	0	1
15756	+	1	0.833333333333333
15785	+	1	0.833333333333333
15786	+	1	0.833333333333333
15810	+	1	0.833333333333333
15811	+	2	0.666666666666667
15838	+	1	0.833333333333333
15880	+	1	0.833333333333333
15963	+	2	0.666666666666667
15964	+	2	0.666666666666667
15965	+	1	0.833333333333333
16030	+	2	0.666666666666667
16086	+	0	1
16297	+	0	1
16333	+	1	0.833333333333333
16432	+	1	0.833333333333333
16441	+	1	0.833333333333333
16495	+	1	0.833333333333333
16496	+	0	1
16497	+	0	1
16560	+	0	1
16598	+	0	1
16622	+	1	0.833333333333333
16630	+	1	0.833333333333333
16651	+	1	0.833333333333333
16726	+	1	0.833333333333333
16749	+	0	1
16780	+	2	0.666666666666667
16781	+	1	0.833333333333333
16782	+	1	0.833333333333333
16789	+	1	0.833333333333333
16796	+	1	0.833333333333333
16817	+	1	0.833333333333333
16818	+	1	0.833333333333333
16819	+	1	0.833333333333333
16867	+	0	1
16872	+	0	1
17016	+	1	0.833333333333333
17024	+	1	0.833333333333333
17025	+	1	0.833333333333333
17039	+	1	0.833333333333333
17040	+	1	0.833333333333333
17181	+	1	0.833333333333333
17182	+	1	0.833333333333333
17200	+	1	0.833333333333333
17248	+	1	0.833333333333333
17254	+	1	0.833333333333333
17295	+	0	1
17339	+	0	1
17355	+	0	1
17503	+	1	0.833333333333333
17504	+	1	0.833333333333333
17555	+	1	0.833333333333333
17599	+	3	0.5
17608	+	1	0.833333333333333
17614	+	0	1
17632	+	1	0.833333333333333
17633	+	0	1
17690	+	0	1
17736	+	1	0.833333333333333
17737	+	1	0.833333333333333
17784	+	1	0.833333333333333
17807	+	0	1
17858	+	1	0.833333333333333
17867	+	1	0.833333333333333
17889	+	1	0.833333333333333
17919	+	0	1
17920	+	1	0.833333333333333
17987	+	0	1
18023	+	0	1
18024	+	0	1
18043	+	1	0.833333333333333
18112	+	0	1
18118	+	0	1
18119	+	0	1
18199	+	1	0.833333333333333
18200	+	1	0.833333333333333
18433	+	0	1
18457	+	0	1
18481	+	0	1
18510	+	1	0.833333333333333
18521	+	1	0.833333333333333
18541	+	0	1
18542	+	0	1
18543	+	0	1
18616	+	1	0.833333333333333
18617	+	0	1
18779	+	0	1
18948	+	0	1
18970	+	1	0.833333333333333
18991	+	0	1
19024	+	0	1
19093	+	1	0.833333333333333
19102	+	1	0.833333333333333
19103	+	1	0.833333333333333
19144	+	0	1
19281	+	3	0.5
19285	+	2	0.666666666666667
19315	+	1	0.833333333333333
19316	+	1	0.833333333333333
19335	+	1	0.833333333333333
19336	+	1	0.833333333333333
19386	+	1	0.833333333333333
19387	+	1	0.833333333333333
19422	+	0	1
19552	+	0	1
19607	+	0	1
19608	+	0	1
19629	+	1	0.833333333333333
19698	+	1	0.833333333333333
19699	+	1	0.833333333333333
19730	+	0	1
19731	+	0	1
19735	+	0	1
19736	+	0	1
19789	+	1	0.833333333333333
19807	+	1	0.833333333333333
19808	+	0	1
19864	+	1	0.833333333333333
19865	+	1	0.833333333333333
19927	+	0	1
19937	+	1	0.833333333333333
20004	+	0	1
20044	+	0	1
20071	+	0	1
20115	+	1	0.833333333333333
20116	+	1	0.833333333333333
20117	+	1	0.833333333333333
20140	+	0	1
20171	+	0	1
20193	+	1	0.833333333333333
20209	+	0	1
20222	+	0	1
20228	+	0	1
20275	+	0	1
20365	+	0	1
20425	+	1	0.833333333333333
20426	+	0	1
20427	+	0	1
20450	+	1	0.833333333333333
20510	+	1	0.833333333333333
20517	+	0	1
20518	+	0	1
20554	+	0	1
20576	+	0	1
20599	+	1	0.833333333333333
20615	+	0	1
20628	+	0	1
20629	+	0	1
20683	+	0	1
20684	+	0	1
20690	+	0	1
20705	+	0	1
20706	+	0	1
20720	+	0	1
20721	+	0	1
20749	+	0	1
20772	+	1	0.833333333333333
20773	+	1	0.833333333333333
20799	+	2	0.666666666666667
20863	+	3	0.5
21004	+	1	0.833333333333333
21046	+	1	0.833333333333333
21047	+	0	1
21048	+	0	1
21057	+	0	1
21058	+	0	1
21062	+	0	1
21063	+	0	1
21073	+	1	0.833333333333333
21113	+	0	1
21114	+	0	1
21144	+	0	1
21277	+	0	1
21290	+	0	1
21315	+	0	1
21339	+	0	1
21382	+	0	1
21394	+	1	0.833333333333333
21423	+	0	1
21424	+	0	1
21434	+	0	1
21466	+	0	1
21488	+	1	0.833333333333333
21489	+	1	0.833333333333333
21533	+	2	0.666666666666667
21662	+	0	1
21926	+	1	0.833333333333333
21980	+	0	1
21981	+	0	1
21982	+	0	1
21989	+	0	1
21990	+	0	1
22002	+	0	1
22084	+	0	1
22085	+	0	1
22100	+	0	1
22101	+	0	1
22102	+	0	1
22145	+	0	1
22146	+	0	1
22257	+	0	1
22372	+	0	1
22373	+	0	1
22383	+	0	1
22384	+	0	1
22434	+	0	1
22438	+	0	1
22451	+	0	1
22467	+	0	1
22468	+	0	1
22469	+	0	1
22482	+	0	1
22540	+	1	0.833333333333333
22697	+	0	1
22702	+	0	1
22767	+	0	1
22782	+	0	1
22789	+	0	1
22811	+	0	1
22925	+	0	1
22953	+	0	1
23123	+	0	1
23124	+	0	1
23125	+	0	1
23144	+	0	1
23145	+	0	1
23146	+	0	1
23150	+	0	1
23210	+	0	1
23211	+	0	1
23212	+	0	1
23347	+	0	1
23472	+	0	1
23646	+	0	1
23647	+	0	1
23689	+	0	1
23715	+	0	1
23830	+	0	1
23867	+	0	1
23868	+	0	1
23869	+	0	1
23897	+	0	1
23901	+	0	1
23909	+	1	0.833333333333333
23910	+	1	0.833333333333333
23924	+	0	1
23952	+	1	0.833333333333333
23971	+	0	1
23972	+	0	1
24014	+	0	1
24044	+	1	0.833333333333333
24099	+	1	0.833333333333333
24100	+	1	0.833333333333333
24144	+	1	0.833333333333333
24225	+	0	1
24243	+	1	0.833333333333333
24300	+	1	0.833333333333333
24301	+	1	0.833333333333333
24302	+	1	0.833333333333333
24338	+	0	1
24339	+	0	1
24379	+	0	1
24380	+	0	1
24402	+	0	1
24403	+	0	1
24418	+	0	1
24431	+	1	0.833333333333333
24472	+	1	0.833333333333333
24497	+	1	0.833333333333333
24516	+	0	1
24546	+	1	0.833333333333333
24591	+	0	1
24623	+	1	0.833333333333333
24624	+	1	0.833333333333333
24652	+	1	0.833333333333333
24653	+	1	0.833333333333333
24654	+	1	0.833333333333333
24673	+	1	0.833333333333333
24756	+	0	1
24757	+	0	1
24796	+	0	1
24797	+	0	1
24832	+	1	0.833333333333333
24858	+	0	1
24879	+	0	1
25001	+	0	1
25072	+	0	1
25080	+	0	1
25081	+	0	1
25082	+	0	1
25086	+	0	1
25120	+	0	1
25153	+	0	1
25171	+	0	1
25172	+	1	0.833333333333333
25304	+	0	1
25337	+	1	0.833333333333333
25346	+	0	1
25362	+	1	0.833333333333333
25427	+	0	1
25552	+	1	0.833333333333333
25553	+	1	0.833333333333333
25567	+	0	1
25568	+	0	1
25569	+	0	1
25725	+	0	1
25765	+	0	1
25777	+	0	1
25778	+	0	1
25779	+	0	1
25943	+	1	0.833333333333333
25944	+	1	0.833333333333333
25945	+	1	0.833333333333333
25962	+	0	1
25963	+	0	1
26074	+	0	1
26075	+	1	0.833333333333333
26105	+	0	1
26379	+	1	0.833333333333333
26380	+	1	0.833333333333333
26410	+	0	1
26411	+	1	0.833333333333333
26412	+	1	0.833333333333333
26450	+	1	0.833333333333333
26459	+	1	0.833333333333333
26541	+	1	0.833333333333333
26542	+	1	0.833333333333333
26543	+	1	0.833333333333333
26720	+	1	0.833333333333333
26845	+	1	0.833333333333333
26905	+	0	1
26997	+	1	0.833333333333333
27001	+	1	0.833333333333333
27039	+	1	0.833333333333333
27114	+	0	1
27119	+	0	1
27247	+	0	1
27279	+	0	1
27292	+	0	1
27293	+	0	1
27294	+	0	1
27322	+	0	1
27365	+	0	1
27376	+	0	1
27377	+	0	1
27465	+	0	1
27466	+	0	1
27529	+	0	1
27585	+	0	1
27586	+	0	1
27625	+	1	0.833333333333333
27721	+	0	1
27722	+	0	1
27726	+	0	1
27850	+	0	1
27865	+	0	1
27876	+	0	1
28002	+	0	1
28028	+	0	1
28029	+	0	1
28074	+	0	1
28152	+	0	1
28237	+	0	1
28245	+	0	1
28250	+	0	1
28251	+	0	1
28272	+	1	0.833333333333333
28273	+	1	0.833333333333333
28282	+	0	1
28363	+	0	1
28364	+	0	1
28445	+	0	1
28500	+	1	0.833333333333333
28550	+	1	0.833333333333333
28551	+	1	0.833333333333333
28556	+	1	0.833333333333333
28631	+	0	1
28678	+	1	0.833333333333333
28679	+	1	0.833333333333333
28756	+	1	0.833333333333333
28757	+	1	0.833333333333333
28837	+	0	1
28949	+	1	0.833333333333333
28950	+	1	0.833333333333333
28961	+	1	0.833333333333333
28983	+	1	0.833333333333333
28997	+	1	0.833333333333333
29031	+	0	1
29032	+	0	1
29033	+	0	1
29048	+	1	0.833333333333333
29094	+	1	0.833333333333333
29104	+	1	0.833333333333333
29147	+	1	0.833333333333333
29160	+	1	0.833333333333333
29264	+	0	1
29276	+	1	0.833333333333333
29284	+	1	0.833333333333333
29291	+	1	0.833333333333333
29333	+	1	0.833333333333333
29334	+	1	0.833333333333333
29357	+	1	0.833333333333333
29358	+	1	0.833333333333333
29359	+	1	0.833333333333333
29366	+	1	0.833333333333333
29367	+	1	0.833333333333333
29368	+	1	0.833333333333333
29385	+	1	0.833333333333333
29414	+	0	1
29421	+	1	0.833333333333333
29465	+	0	1
29511	+	0	1
29548	+	1	0.833333333333333
29691	+	1	0.833333333333333
29791	+	1	0.833333333333333
29792	+	1	0.833333333333333
29850	+	1	0.833333333333333
29851	+	1	0.833333333333333
29852	+	1	0.833333333333333
29853	+	1	0.833333333333333
29854	+	1	0.833333333333333
29855	+	1	0.833333333333333
29856	+	1	0.833333333333333
29857	+	1	0.833333333333333
29858	+	1	0.833333333333333
29859	+	1	0.833333333333333
29860	+	1	0.833333333333333
29861	+	2	0.666666666666667
29862	+	2	0.666666666666667
29863	+	2	0.666666666666667
29864	+	2	0.666666666666667
29865	+	2	0.666666666666667
29866	+	2	0.666666666666667
29867	+	3	0.5
29868	+	3	0.5
29869	+	3	0.5
29870	+	3	0.5
29871	+	3	0.5
29872	+	3	0.5
29873	+	3	0.5
29874	+	3	0.5
29875	+	3	0.5
29876	+	3	0.5
29877	+	3	0.5
29878	+	3	0.5
29879	+	3	0.5
29880	+	3	0.5
13	-	1	0.833333333333333
45	-	1	0.833333333333333
80	-	0	1
204	-	0	1
242	-	0	1
290	-	6	0
320	-	0	1
328	-	0	1
329	-	0	1
360	-	0	1
448	-	0	1
449	-	0	1
696	-	0	1
737	-	6	0
738	-	6	0
911	-	0	1
930	-	1	0.833333333333333
1031	-	6	0
1032	-	6	0
1056	-	1	0.833333333333333
1085	-	1	0.833333333333333
1086	-	3	0.5
1092	-	4	0.333333333333333
1155	-	0	1
1219	-	1	0.833333333333333
1274	-	0	1
1275	-	0	1
1296	-	0	1
1297	-	0	1
1313	-	2	0.666666666666667
1372	-	0	1
1485	-	0	1
1668	-	4	0.333333333333333
1696	-	0	1
1697	-	0	1
1706	-	0	1
1707	-	0	1
1708	-	0	1
1727	-	3	0.5
1728	-	3	0.5
1748	-	6	0
1793	-	6	0
1794	-	6	0
1867	-	0	1
1875	-	0	1
1909	-	0	1
1910	-	0	1
1951	-	5	0.166666666666667
1952	-	4	0.333333333333333
1987	-	1	0.833333333333333
2036	-	2	0.666666666666667
2118	-	4	0.333333333333333
2128	-	2	0.666666666666667
2172	-	0	1
2190	-	1	0.833333333333333
2220	-	0	1
2304	-	5	0.166666666666667
2322	-	0	1
2323	-	0	1
2324	-	0	1
2330	-	2	0.666666666666667
2381	-	1	0.833333333333333
2394	-	0	1
2555	-	4	0.333333333333333
2617	-	1	0.833333333333333
2741	-	2	0.666666666666667
2742	-	2	0.666666666666667
2795	-	6	0
2796	-	6	0
2915	-	1	0.833333333333333
2957	-	0	1
2991	-	3	0.5
3009	-	3	0.5
3038	-	0	1
3090	-	4	0.333333333333333
3146	-	0	1
3153	-	0	1
3350	-	5	0.166666666666667
3351	-	4	0.333333333333333
3362	-	6	0
3457	-	0	1
3580	-	3	0.5
3581	-	3	0.5
3680	-	1	0.833333333333333
3681	-	0	1
3727	-	0	1
3728	-	0	1
3729	-	0	1
3752	-	0	1
3760	-	1	0.833333333333333
3801	-	6	0
3829	-	6	0
3837	-	6	0
3838	-	6	0
3839	-	6	0
3909	-	6	0
4033	-	5	0.166666666666667
4100	-	6	0
4153	-	1	0.833333333333333
4154	-	0	1
4217	-	6	0
4268	-	3	0.5
4326	-	1	0.833333333333333
4327	-	0	1
4381	-	0	1
4391	-	1	0.833333333333333
4465	-	6	0
4533	-	5	0.166666666666667
4534	-	5	0.166666666666667
4539	-	6	0
4540	-	6	0
4643	-	0	1
4693	-	0	1
4699	-	0	1
4769	-	1	0.833333333333333
4770	-	0	1
4848	-	6	0
4926	-	4	0.333333333333333
4948	-	1	0.833333333333333
4952	-	6	0
4980	-	6	0
5049	-	0	1
5063	-	1	0.833333333333333
5121	-	1	0.833333333333333
5122	-	1	0.833333333333333
5128	-	2	0.666666666666667
5129	-	0	1
5162	-	3	0.5
5163	-	2	0.666666666666667
5192	-	0	1
5193	-	0	1
5258	-	3	0.5
5337	-	2	0.666666666666667
5397	-	0	1
5398	-	1	0.833333333333333
5475	-	4	0.333333333333333
5489	-	0	1
5590	-	6	0
5604	-	3	0.5
5678	-	0	1
5679	-	0	1
5730	-	0	1
5801	-	0	1
5822	-	4	0.333333333333333
5866	-	6	0
5867	-	6	0
5932	-	3	0.5
5987	-	2	0.666666666666667
6050	-	5	0.166666666666667
6051	-	3	0.5
6057	-	6	0
6078	-	3	0.5
6089	-	6	0
6144	-	1	0.833333333333333
6145	-	0	1
6146	-	0	1
6203	-	6	0
6204	-	6	0
6241	-	6	0
6307	-	6	0
6342	-	2	0.666666666666667
6518	-	5	0.166666666666667
6623	-	0	1
6647	-	0	1
6701	-	5	0.166666666666667
6702	-	6	0
6749	-	0	1
6760	-	4	0.333333333333333
6782	-	2	0.666666666666667
6786	-	1	0.833333333333333
6791	-	0	1
6812	-	6	0
6813	-	6	0
6894	-	0	1
6895	-	0	1
6912	-	4	0.333333333333333
6920	-	4	0.333333333333333
6935	-	6	0
6936	-	6	0
6937	-	6	0
6961	-	1	0.833333333333333
6966	-	2	0.666666666666667
6967	-	1	0.833333333333333
6968	-	0	1
6982	-	0	1
6995	-	0	1
7016	-	2	0.666666666666667
7024	-	2	0.666666666666667
7025	-	0	1
7037	-	0	1
7079	-	2	0.666666666666667
7138	-	0	1
7151	-	0	1
7160	-	0	1
7178	-	6	0
7201	-	5	0.166666666666667
7208	-	1	0.833333333333333
7209	-	0	1
7220	-	1	0.833333333333333
7229	-	0	1
7230	-	0	1
7251	-	0	1
7252	-	0	1
7253	-	0	1
7267	-	1	0.833333333333333
7268	-	1	0.833333333333333
7278	-	0	1
7279	-	0	1
7280	-	0	1
7317	-	0	1
7318	-	1	0.833333333333333
7319	-	2	0.666666666666667
7328	-	5	0.166666666666667
7329	-	3	0.5
7340	-	2	0.666666666666667
7341	-	1	0.833333333333333
7399	-	3	0.5
7428	-	1	0.833333333333333
7437	-	6	0
7438	-	5	0.166666666666667
7569	-	0	1
7570	-	0	1
7599	-	6	0
7600	-	6	0
7659	-	1	0.833333333333333
7698	-	6	0
7777	-	5	0.166666666666667
7782	-	5	0.166666666666667
7829	-	0	1
7830	-	3	0.5
7894	-	6	0
7895	-	6	0
7896	-	6	0
7945	-	0	1
8040	-	1	0.833333333333333
8061	-	3	0.5
8062	-	6	0
8072	-	6	0
8073	-	5	0.166666666666667
8165	-	0	1
8166	-	0	1
8170	-	0	1
8190	-	3	0.5
8399	-	6	0
8420	-	0	1
8486	-	3	0.5
8487	-	2	0.666666666666667
8611	-	1	0.833333333333333
8612	-	0	1
8613	-	0	1
8626	-	1	0.833333333333333
8627	-	4	0.333333333333333
8633	-	2	0.666666666666667
8673	-	5	0.166666666666667
8674	-	6	0
8747	-	5	0.166666666666667
8748	-	6	0
8768	-	0	1
8769	-	0	1
8781	-	0	1
8858	-	0	1
8859	-	0	1
8873	-	0	1
8910	-	0	1
8911	-	0	1
8912	-	0	1
8918	-	0	1
8932	-	0	1
8933	-	0	1
8934	-	0	1
8991	-	0	1
9010	-	1	0.833333333333333
9011	-	2	0.666666666666667
9031	-	0	1
9032	-	0	1
9033	-	0	1
9110	-	0	1
9159	-	0	1
9203	-	0	1
9204	-	0	1
9256	-	2	0.666666666666667
9308	-	0	1
9319	-	0	1
9320	-	0	1
9344	-	1	0.833333333333333
9360	-	2	0.666666666666667
9389	-	2	0.666666666666667
9458	-	1	0.833333333333333
9459	-	0	1
9468	-	0	1
9479	-	3	0.5
9480	-	3	0.5
9507	-	0	1
9515	-	0	1
9548	-	0	1
9559	-	0	1
9580	-	0	1
9592	-	3	0.5
9609	-	1	0.833333333333333
9610	-	1	0.833333333333333
9628	-	0	1
9632	-	0	1
9633	-	1	0.833333333333333
9634	-	0	1
9635	-	0	1
9671	-	0	1
9680	-	6	0
9706	-	0	1
9712	-	0	1
9725	-	3	0.5
9738	-	2	0.666666666666667
9768	-	1	0.833333333333333
9778	-	3	0.5
9783	-	0	1
9791	-	0	1
9792	-	0	1
9816	-	6	0
9817	-	6	0
9818	-	6	0
9898	-	6	0
9917	-	4	0.333333333333333
9918	-	4	0.333333333333333
10015	-	1	0.833333333333333
10051	-	6	0
10052	-	6	0
10064	-	4	0.333333333333333
10065	-	2	0.666666666666667
10147	-	2	0.666666666666667
10165	-	1	0.833333333333333
10226	-	1	0.833333333333333
10253	-	0	1
10365	-	0	1
10391	-	1	0.833333333333333
10392	-	2	0.666666666666667
10393	-	2	0.666666666666667
10432	-	0	1
10457	-	1	0.833333333333333
10505	-	4	0.333333333333333
10506	-	2	0.666666666666667
10532	-	1	0.833333333333333
10533	-	2	0.666666666666667
10534	-	2	0.666666666666667
10599	-	0	1
10600	-	0	1
10610	-	1	0.833333333333333
10611	-	4	0.333333333333333
10669	-	0	1
10670	-	0	1
10713	-	1	0.833333333333333
10725	-	2	0.666666666666667
10746	-	0	1
10816	-	0	1
10840	-	3	0.5
10841	-	3	0.5
10913	-	6	0
10929	-	1	0.833333333333333
10937	-	2	0.666666666666667
10938	-	5	0.166666666666667
10970	-	6	0
11029	-	0	1
11030	-	0	1
11041	-	0	1
11042	-	0	1
11047	-	1	0.833333333333333
11048	-	0	1
11072	-	5	0.166666666666667
11079	-	3	0.5
11080	-	2	0.666666666666667
11081	-	3	0.5
11082	-	5	0.166666666666667
11083	-	3	0.5
11084	-	3	0.5
11100	-	0	1
11101	-	0	1
11102	-	0	1
11108	-	1	0.833333333333333
11109	-	0	1
11138	-	3	0.5
11139	-	3	0.5
11151	-	6	0
11172	-	0	1
11180	-	0	1
11184	-	0	1
11185	-	0	1
11186	-	0	1
11216	-	0	1
11217	-	0	1
11288	-	6	0
11297	-	6	0
11298	-	6	0
11422	-	5	0.166666666666667
11431	-	3	0.5
11447	-	0	1
11461	-	0	1
11526	-	0	1
11527	-	0	1
11528	-	0	1
11545	-	1	0.833333333333333
11546	-	0	1
11547	-	0	1
11572	-	2	0.666666666666667
11573	-	3	0.5
11614	-	0	1
11621	-	0	1
11633	-	0	1
11634	-	0	1
11635	-	0	1
11649	-	0	1
11658	-	0	1
11659	-	0	1
11663	-	0	1
11679	-	0	1
11698	-	1	0.833333333333333
11713	-	5	0.166666666666667
11727	-	3	0.5
11893	-	5	0.166666666666667
11894	-	4	0.333333333333333
11991	-	6	0
12004	-	0	1
12013	-	0	1
12019	-	0	1
12020	-	0	1
12025	-	0	1
12058	-	6	0
12111	-	0	1
12137	-	1	0.833333333333333
12138	-	1	0.833333333333333
12218	-	5	0.166666666666667
12240	-	0	1
12367	-	1	0.833333333333333
12368	-	3	0.5
12534	-	0	1
12632	-	1	0.833333333333333
12659	-	0	1
12807	-	0	1
12830	-	0	1
12839	-	2	0.666666666666667
12912	-	3	0.5
12950	-	6	0
12957	-	6	0
13004	-	0	1
13073	-	0	1
13082	-	1	0.833333333333333
13083	-	1	0.833333333333333
13230	-	0	1
13293	-	6	0
13294	-	6	0
13355	-	6	0
13356	-	6	0
13464	-	1	0.833333333333333
13465	-	1	0.833333333333333
13466	-	1	0.833333333333333
13476	-	0	1
13546	-	6	0
13547	-	6	0
13576	-	6	0
13577	-	6	0
13636	-	0	1
13652	-	4	0.333333333333333
13672	-	4	0.333333333333333
13701	-	2	0.666666666666667
13708	-	0	1
13748	-	2	0.666666666666667
13754	-	2	0.666666666666667
13834	-	5	0.166666666666667
13843	-	3	0.5
13844	-	6	0
13912	-	6	0
13936	-	6	0
13937	-	6	0
13999	-	6	0
14098	-	1	0.833333333333333
14107	-	1	0.833333333333333
14194	-	1	0.833333333333333
14251	-	5	0.166666666666667
14291	-	2	0.666666666666667
14302	-	6	0
14303	-	5	0.166666666666667
14347	-	1	0.833333333333333
14381	-	0	1
14388	-	0	1
14389	-	0	1
14419	-	6	0
14420	-	6	0
14444	-	0	1
14462	-	0	1
14469	-	1	0.833333333333333
14545	-	2	0.666666666666667
14546	-	1	0.833333333333333
14630	-	1	0.833333333333333
14631	-	3	0.5
14662	-	2	0.666666666666667
14663	-	0	1
14686	-	6	0
14687	-	6	0
14708	-	0	1
14725	-	2	0.666666666666667
14729	-	5	0.166666666666667
14768	-	0	1
14855	-	4	0.333333333333333
14882	-	0	1
14953	-	6	0
14954	-	6	0
14960	-	5	0.166666666666667
14985	-	4	0.333333333333333
15024	-	5	0.166666666666667
15025	-	6	0
15155	-	6	0
15258	-	1	0.833333333333333
15397	-	5	0.166666666666667
15522	-	2	0.666666666666667
15523	-	1	0.833333333333333
15524	-	0	1
15531	-	0	1
15564	-	6	0
15565	-	6	0
15610	-	3	0.5
15624	-	6	0
15665	-	1	0.833333333333333
15677	-	2	0.666666666666667
15678	-	0	1
15688	-	3	0.5
15700	-	1	0.833333333333333
15739	-	2	0.666666666666667
15788	-	1	0.833333333333333
15801	-	6	0
15819	-	5	0.166666666666667
15820	-	5	0.166666666666667
15821	-	0	1
15878	-	2	0.666666666666667
15879	-	2	0.666666666666667
15970	-	6	0
15971	-	6	0
16027	-	2	0.666666666666667
16085	-	6	0
16090	-	6	0
16202	-	0	1
16203	-	0	1
16260	-	6	0
16386	-	0	1
16428	-	0	1
16480	-	1	0.833333333333333
16481	-	2	0.666666666666667
16506	-	6	0
16507	-	6	0
16508	-	6	0
16513	-	6	0
16556	-	3	0.5
16602	-	1	0.833333333333333
16603	-	0	1
16635	-	1	0.833333333333333
16636	-	1	0.833333333333333
16637	-	2	0.666666666666667
16673	-	0	1
16734	-	0	1
16784	-	1	0.833333333333333
16838	-	6	0
16869	-	1	0.833333333333333
16912	-	1	0.833333333333333
16913	-	1	0.833333333333333
17024	-	6	0
17025	-	6	0
17110	-	0	1
17111	-	0	1
17212	-	6	0
17266	-	6	0
17267	-	6	0
17309	-	0	1
17310	-	0	1
17357	-	4	0.333333333333333
17367	-	6	0
17389	-	0	1
17503	-	1	0.833333333333333
17602	-	6	0
17607	-	6	0
17654	-	4	0.333333333333333
17663	-	0	1
17664	-	0	1
17691	-	0	1
17771	-	2	0.666666666666667
17775	-	4	0.333333333333333
17814	-	0	1
17815	-	0	1
17921	-	0	1
17958	-	2	0.666666666666667
17982	-	4	0.333333333333333
17999	-	0	1
18037	-	4	0.333333333333333
18065	-	6	0
18154	-	0	1
18220	-	6	0
18221	-	6	0
18260	-	0	1
18355	-	0	1
18361	-	0	1
18373	-	0	1
18374	-	1	0.833333333333333
18375	-	1	0.833333333333333
18439	-	0	1
18440	-	1	0.833333333333333
18441	-	0	1
18479	-	1	0.833333333333333
18590	-	0	1
18611	-	5	0.166666666666667
18634	-	3	0.5
18635	-	1	0.833333333333333
18692	-	0	1
18693	-	0	1
18740	-	0	1
18761	-	1	0.833333333333333
18787	-	6	0
18788	-	4	0.333333333333333
18899	-	0	1
19193	-	2	0.666666666666667
19194	-	5	0.166666666666667
19236	-	0	1
19244	-	5	0.166666666666667
19297	-	6	0
19333	-	6	0
19334	-	6	0
19348	-	6	0
19349	-	6	0
19357	-	6	0
19373	-	2	0.666666666666667
19374	-	1	0.833333333333333
19375	-	0	1
19477	-	2	0.666666666666667
19559	-	2	0.666666666666667
19572	-	6	0
19583	-	1	0.833333333333333
19609	-	1	0.833333333333333
19610	-	1	0.833333333333333
19627	-	2	0.666666666666667
19642	-	6	0
19643	-	5	0.166666666666667
19667	-	1	0.833333333333333
19695	-	5	0.166666666666667
19716	-	2	0.666666666666667
19751	-	6	0
19787	-	0	1
19794	-	2	0.666666666666667
19846	-	0	1
19926	-	1	0.833333333333333
19968	-	0	1
19988	-	3	0.5
19989	-	2	0.666666666666667
19990	-	4	0.333333333333333
19991	-	4	0.333333333333333
20024	-	0	1
20074	-	1	0.833333333333333
20204	-	6	0
20221	-	2	0.666666666666667
20231	-	1	0.833333333333333
20260	-	5	0.166666666666667
20331	-	0	1
20341	-	0	1
20342	-	0	1
20365	-	0	1
20395	-	4	0.333333333333333
20396	-	4	0.333333333333333
20410	-	4	0.333333333333333
20411	-	5	0.166666666666667
20425	-	0	1
20426	-	0	1
20458	-	2	0.666666666666667
20512	-	2	0.666666666666667
20527	-	6	0
20528	-	6	0
20554	-	0	1
20565	-	4	0.333333333333333
20604	-	3	0.5
20609	-	0	1
20616	-	1	0.833333333333333
20645	-	6	0
20646	-	4	0.333333333333333
20703	-	6	0
20821	-	6	0
20869	-	0	1
20870	-	1	0.833333333333333
20913	-	0	1
20914	-	0	1
20969	-	1	0.833333333333333
20992	-	1	0.833333333333333
21106	-	0	1
21107	-	0	1
21108	-	0	1
21109	-	0	1
21120	-	3	0.5
21128	-	5	0.166666666666667
21201	-	0	1
21239	-	1	0.833333333333333
21275	-	5	0.166666666666667
21276	-	3	0.5
21277	-	2	0.666666666666667
21350	-	5	0.166666666666667
21351	-	4	0.333333333333333
21391	-	5	0.166666666666667
21395	-	1	0.833333333333333
21410	-	1	0.833333333333333
21445	-	6	0
21474	-	2	0.666666666666667
21475	-	1	0.833333333333333
21531	-	0	1
21570	-	0	1
21574	-	0	1
21575	-	0	1
21576	-	0	1
21583	-	0	1
21584	-	0	1
21659	-	1	0.833333333333333
21673	-	0	1
21691	-	0	1
21692	-	0	1
21706	-	0	1
21707	-	0	1
21737	-	0	1
21741	-	0	1
21742	-	0	1
21801	-	0	1
21822	-	0	1
21835	-	0	1
21839	-	0	1
21840	-	0	1
21880	-	0	1
21881	-	0	1
21882	-	0	1
21893	-	0	1
21963	-	3	0.5
21969	-	1	0.833333333333333
21970	-	1	0.833333333333333
21984	-	3	0.5
21985	-	4	0.333333333333333
21986	-	6	0
21994	-	6	0
22042	-	4	0.333333333333333
22067	-	0	1
22068	-	0	1
22088	-	1	0.833333333333333
22089	-	5	0.166666666666667
22121	-	6	0
22140	-	5	0.166666666666667
22146	-	4	0.333333333333333
22166	-	6	0
22167	-	5	0.166666666666667
22199	-	0	1
22223	-	0	1
22224	-	1	0.833333333333333
22225	-	1	0.833333333333333
22232	-	0	1
22250	-	4	0.333333333333333
22278	-	2	0.666666666666667
22286	-	1	0.833333333333333
22295	-	2	0.666666666666667
22310	-	0	1
22388	-	6	0
22389	-	6	0
22518	-	1	0.833333333333333
22551	-	5	0.166666666666667
22577	-	0	1
22578	-	0	1
22588	-	0	1
22589	-	0	1
22590	-	0	1
22605	-	0	1
22615	-	2	0.666666666666667
22686	-	0	1
22687	-	0	1
22694	-	0	1
22695	-	0	1
22740	-	1	0.833333333333333
22764	-	3	0.5
22850	-	0	1
22851	-	0	1
22932	-	1	0.833333333333333
22955	-	5	0.166666666666667
22956	-	6	0
22969	-	1	0.833333333333333
23021	-	1	0.833333333333333
23022	-	1	0.833333333333333
23034	-	1	0.833333333333333
23039	-	0	1
23054	-	0	1
23104	-	0	1
23108	-	0	1
23109	-	1	0.833333333333333
23137	-	5	0.166666666666667
23162	-	6	0
23186	-	2	0.666666666666667
23201	-	0	1
23241	-	0	1
23249	-	3	0.5
23259	-	1	0.833333333333333
23339	-	0	1
23340	-	0	1
23398	-	0	1
23470	-	0	1
23491	-	1	0.833333333333333
23492	-	0	1
23493	-	1	0.833333333333333
23513	-	1	0.833333333333333
23717	-	1	0.833333333333333
23718	-	1	0.833333333333333
23791	-	2	0.666666666666667
23821	-	0	1
23822	-	0	1
23840	-	1	0.833333333333333
23841	-	1	0.833333333333333
23842	-	3	0.5
23864	-	6	0
23908	-	6	0
23909	-	6	0
23910	-	6	0
23929	-	6	0
23954	-	0	1
23955	-	0	1
23963	-	6	0
23964	-	6	0
23969	-	3	0.5
23970	-	5	0.166666666666667
23971	-	5	0.166666666666667
24015	-	1	0.833333333333333
24031	-	1	0.833333333333333
24032	-	4	0.333333333333333
24115	-	1	0.833333333333333
24129	-	0	1
24145	-	0	1
24146	-	0	1
24155	-	2	0.666666666666667
24228	-	0	1
24258	-	2	0.666666666666667
24282	-	3	0.5
24345	-	5	0.166666666666667
24379	-	0	1
24440	-	5	0.166666666666667
24473	-	0	1
24474	-	0	1
24484	-	5	0.166666666666667
24493	-	0	1
24494	-	0	1
24508	-	1	0.833333333333333
24575	-	4	0.333333333333333
24689	-	1	0.833333333333333
24690	-	1	0.833333333333333
24691	-	2	0.666666666666667
24808	-	2	0.666666666666667
24831	-	0	1
24849	-	0	1
24853	-	0	1
24873	-	6	0
24890	-	6	0
24891	-	6	0
24892	-	6	0
24927	-	0	1
24976	-	0	1
24986	-	1	0.833333333333333
25031	-	6	0
25032	-	4	0.333333333333333
25061	-	0	1
25142	-	0	1
25213	-	0	1
25223	-	0	1
25224	-	0	1
25267	-	0	1
25332	-	1	0.833333333333333
25402	-	6	0
25406	-	3	0.5
25438	-	6	0
25477	-	0	1
25478	-	0	1
25522	-	0	1
25560	-	0	1
25561	-	0	1
25562	-	4	0.333333333333333
25631	-	1	0.833333333333333
25635	-	0	1
25655	-	0	1
25665	-	0	1
25677	-	0	1
25678	-	0	1
25708	-	0	1
25709	-	0	1
25719	-	0	1
25726	-	0	1
25754	-	6	0
25776	-	0	1
25782	-	2	0.666666666666667
25815	-	1	0.833333333333333
25831	-	0	1
25832	-	0	1
25836	-	0	1
25932	-	3	0.5
26184	-	2	0.666666666666667
26218	-	6	0
26262	-	0	1
26304	-	0	1
26305	-	0	1
26306	-	0	1
26314	-	0	1
26413	-	0	1
26414	-	0	1
26415	-	0	1
26421	-	2	0.666666666666667
26498	-	0	1
26499	-	0	1
26500	-	0	1
26506	-	0	1
26514	-	2	0.666666666666667
26519	-	0	1
26520	-	0	1
26601	-	0	1
26621	-	0	1
26635	-	2	0.666666666666667
26659	-	6	0
26660	-	6	0
26661	-	6	0
26681	-	0	1
26682	-	0	1
26709	-	1	0.833333333333333
26718	-	0	1
26719	-	0	1
26735	-	1	0.833333333333333
26823	-	0	1
26833	-	0	1
27053	-	5	0.166666666666667
27102	-	0	1
27103	-	0	1
27180	-	2	0.666666666666667
27209	-	0	1
27224	-	5	0.166666666666667
27268	-	1	0.833333333333333
27269	-	0	1
27276	-	1	0.833333333333333
27282	-	6	0
27322	-	4	0.333333333333333
27411	-	0	1
27412	-	1	0.833333333333333
27447	-	0	1
27486	-	1	0.833333333333333
27487	-	0	1
27533	-	5	0.166666666666667
27557	-	0	1
27572	-	0	1
27584	-	0	1
27589	-	0	1
27590	-	0	1
27642	-	2	0.666666666666667
27684	-	0	1
27696	-	0	1
27697	-	3	0.5
27698	-	1	0.833333333333333
27722	-	1	0.833333333333333
27732	-	5	0.166666666666667
27770	-	3	0.5
27789	-	0	1
27796	-	0	1
27797	-	0	1
27798	-	0	1
27805	-	0	1
27821	-	5	0.166666666666667
27822	-	3	0.5
27841	-	1	0.833333333333333
27842	-	1	0.833333333333333
27904	-	0	1
27911	-	2	0.666666666666667
27912	-	4	0.333333333333333
27943	-	2	0.666666666666667
27960	-	1	0.833333333333333
28065	-	2	0.666666666666667
28139	-	3	0.5
28146	-	1	0.833333333333333
28152	-	3	0.5
28153	-	1	0.833333333333333
28219	-	0	1
28220	-	0	1
28221	-	0	1
28247	-	5	0.166666666666667
28248	-	5	0.166666666666667
28254	-	6	0
28326	-	0	1
28409	-	0	1
28604	-	0	1
28937	-	0	1
29096	-	0	1
29132	-	0	1
29133	-	0	1
29196	-	0	1
29312	-	2	0.666666666666667
29329	-	5	0.166666666666667
29330	-	1	0.833333333333333
29474	-	2	0.666666666666667
29483	-	6	0
29578	-	0	1
29579	-	0	1
29585	-	0	1
29586	-	0	1
29592	-	0	1
29664	-	1	0.833333333333333
29684	-	1	0.833333333333333
29730	-	0	1
29731	-	0	1
29824	-	0	1
29825	-	0	1
29849	-	3	0.5
29850	-	3	0.5
