start	strand	gisaid_mismatch_0	gisaid_mismatch_1	gisaid_mismatch_2	sensitivity_0	sensitivity_01
8	+	1219	88	4321	0.216595593461265	0.232231698649609
47	+	3959	36	1633	0.703447050461976	0.709843638948117
58	+	5135	18	475	0.912402274342573	0.915600568585643
59	+	5139	20	469	0.913113006396588	0.916666666666667
236	+	2148	3350	130	0.381663113006397	0.976901208244492
275	+	5559	12	57	0.98773987206823	0.989872068230277
276	+	5563	8	57	0.988450604122246	0.989872068230277
383	+	5609	3	16	0.996624022743426	0.997157071783937
414	+	5616	6	6	0.997867803837953	0.998933901918977
415	+	5616	5	7	0.997867803837953	0.998756218905473
416	+	5616	5	7	0.997867803837953	0.998756218905473
458	+	5612	2	14	0.997157071783937	0.997512437810945
582	+	5611	11	6	0.996979388770434	0.998933901918977
629	+	5619	7	2	0.998400852878465	0.999644633972992
664	+	5615	11	2	0.997690120824449	0.999644633972992
720	+	5624	4	0	0.999289267945984	1
721	+	5624	4	0	0.999289267945984	1
734	+	5622	5	1	0.998933901918977	0.999822316986496
848	+	5622	6	0	0.998933901918977	1
872	+	5598	29	1	0.994669509594883	0.999822316986496
954	+	5616	6	6	0.997867803837953	0.998933901918977
981	+	5622	2	4	0.998933901918977	0.999289267945984
982	+	5622	2	4	0.998933901918977	0.999289267945984
1011	+	5592	9	27	0.993603411513859	0.995202558635394
1016	+	5590	7	31	0.993248045486851	0.994491826581379
1024	+	5590	7	31	0.993248045486851	0.994491826581379
1028	+	5593	5	30	0.993781094527363	0.994669509594883
1057	+	4640	949	39	0.824449182658138	0.993070362473348
1075	+	5568	18	42	0.989339019189765	0.992537313432836
1110	+	5568	8	52	0.989339019189765	0.990760483297797
1111	+	5568	6	54	0.989339019189765	0.990405117270789
1115	+	5568	6	54	0.989339019189765	0.990405117270789
1116	+	5569	5	54	0.989516702203269	0.990405117270789
1117	+	5569	5	54	0.989516702203269	0.990405117270789
1171	+	5573	11	44	0.990227434257285	0.992181947405828
1185	+	5571	12	45	0.989872068230277	0.992004264392324
1227	+	5579	8	41	0.991293532338308	0.99271499644634
1256	+	5618	6	4	0.998223169864961	0.999289267945984
1295	+	5615	11	2	0.997690120824449	0.999644633972992
1329	+	5618	7	3	0.998223169864961	0.999466950959488
1330	+	5618	7	3	0.998223169864961	0.999466950959488
1343	+	5619	7	2	0.998400852878465	0.999644633972992
1344	+	5619	7	2	0.998400852878465	0.999644633972992
1424	+	5446	178	4	0.967661691542289	0.999289267945984
1425	+	5446	178	4	0.967661691542289	0.999289267945984
1599	+	5602	6	20	0.995380241648898	0.996446339729922
1608	+	5603	22	3	0.995557924662402	0.999466950959488
1609	+	5618	7	3	0.998223169864961	0.999466950959488
1610	+	5616	10	2	0.997867803837953	0.999644633972992
1616	+	5616	9	3	0.997867803837953	0.999466950959488
1646	+	5621	6	1	0.998756218905473	0.999822316986496
1710	+	5618	8	2	0.998223169864961	0.999644633972992
1718	+	5618	9	1	0.998223169864961	0.999822316986496
1733	+	5621	7	0	0.998756218905473	1
1742	+	5623	5	0	0.99911158493248	1
1746	+	5625	3	0	0.999466950959488	1
1772	+	5620	6	2	0.998578535891969	0.999644633972992
1780	+	5623	3	2	0.99911158493248	0.999644633972992
1781	+	5623	3	2	0.99911158493248	0.999644633972992
1786	+	5624	2	2	0.999289267945984	0.999644633972992
1787	+	5624	2	2	0.999289267945984	0.999644633972992
1793	+	5624	2	2	0.999289267945984	0.999644633972992
1794	+	5624	2	2	0.999289267945984	0.999644633972992
1795	+	5613	13	2	0.997334754797441	0.999644633972992
1796	+	5612	14	2	0.997157071783937	0.999644633972992
1823	+	5625	1	2	0.999466950959488	0.999644633972992
1902	+	5598	28	2	0.994669509594883	0.999644633972992
1911	+	5592	33	3	0.993603411513859	0.999466950959488
1912	+	5595	30	3	0.994136460554371	0.999466950959488
2109	+	5597	28	3	0.994491826581379	0.999466950959488
2110	+	5597	28	3	0.994491826581379	0.999466950959488
2111	+	5600	26	2	0.995024875621891	0.999644633972992
2117	+	5623	2	3	0.99911158493248	0.999466950959488
2184	+	5616	5	7	0.997867803837953	0.998756218905473
2192	+	5616	2	10	0.997867803837953	0.998223169864961
2217	+	5606	5	17	0.996090973702914	0.996979388770434
2232	+	5599	8	21	0.994847192608387	0.996268656716418
2248	+	5530	19	79	0.982587064676617	0.985963041933191
2253	+	5524	15	89	0.981520966595594	0.984186211798152
2290	+	5532	9	87	0.982942430703625	0.98454157782516
2294	+	5539	5	84	0.984186211798152	0.985074626865672
2339	+	5537	4	87	0.983830845771144	0.98454157782516
2345	+	5536	4	88	0.98365316275764	0.984363894811656
2364	+	5524	7	97	0.981520966595594	0.982764747690121
2383	+	5524	4	100	0.981520966595594	0.982231698649609
2398	+	5404	128	96	0.960199004975124	0.982942430703625
2408	+	5406	129	93	0.960554371002132	0.983475479744137
2421	+	5524	8	96	0.981520966595594	0.982942430703625
2443	+	5509	20	99	0.978855721393035	0.982409381663113
2444	+	5509	20	99	0.978855721393035	0.982409381663113
2452	+	5506	25	97	0.978322672352523	0.982764747690121
2453	+	5506	25	97	0.978322672352523	0.982764747690121
2457	+	5518	10	100	0.98045486851457	0.982231698649609
2478	+	5249	290	89	0.932658137882018	0.984186211798152
2519	+	5520	17	91	0.980810234541578	0.983830845771144
2520	+	5521	17	90	0.980987917555082	0.984008528784648
2619	+	5545	9	74	0.985252309879176	0.986851457000711
2624	+	5548	8	72	0.985785358919687	0.987206823027719
2634	+	5553	4	71	0.986673773987207	0.987384506041222
2635	+	5553	4	71	0.986673773987207	0.987384506041222
2671	+	5548	8	72	0.985785358919687	0.987206823027719
2690	+	5552	10	66	0.986496090973703	0.988272921108742
2707	+	5551	8	69	0.986318407960199	0.98773987206823
2784	+	5560	7	61	0.987917555081734	0.989161336176262
2795	+	5561	4	63	0.988095238095238	0.988805970149254
2848	+	5623	2	3	0.99911158493248	0.999466950959488
2884	+	5463	163	2	0.970682302771855	0.999644633972992
2885	+	5463	163	2	0.970682302771855	0.999644633972992
2886	+	5463	163	2	0.970682302771855	0.999644633972992
2987	+	5622	6	0	0.998933901918977	1
3116	+	5621	6	1	0.998756218905473	0.999822316986496
3201	+	5625	0	3	0.999466950959488	0.999466950959488
3252	+	5604	22	2	0.995735607675906	0.999644633972992
3340	+	5624	3	1	0.999289267945984	0.999822316986496
3341	+	5625	2	1	0.999466950959488	0.999822316986496
3365	+	5596	31	1	0.994314143567875	0.999822316986496
3366	+	5596	31	1	0.994314143567875	0.999822316986496
3367	+	5596	31	1	0.994314143567875	0.999822316986496
3392	+	5621	7	0	0.998756218905473	1
3393	+	5621	7	0	0.998756218905473	1
3394	+	5616	12	0	0.997867803837953	1
3400	+	5613	15	0	0.997334754797441	1
3401	+	5613	15	0	0.997334754797441	1
3440	+	5623	5	0	0.99911158493248	1
3469	+	5618	7	3	0.998223169864961	0.999466950959488
3536	+	5612	7	9	0.997157071783937	0.998400852878465
3578	+	5616	7	5	0.997867803837953	0.99911158493248
3604	+	5621	3	4	0.998756218905473	0.999289267945984
3614	+	5616	6	6	0.997867803837953	0.998933901918977
3651	+	5621	1	6	0.998756218905473	0.998933901918977
3652	+	5621	0	7	0.998756218905473	0.998756218905473
3757	+	5610	6	12	0.99680170575693	0.997867803837953
3782	+	5608	16	4	0.996446339729922	0.999289267945984
3783	+	5608	16	4	0.996446339729922	0.999289267945984
3784	+	5608	16	4	0.996446339729922	0.999289267945984
3797	+	5624	1	3	0.999289267945984	0.999466950959488
3819	+	5617	8	3	0.998045486851457	0.999466950959488
3831	+	5619	7	2	0.998400852878465	0.999644633972992
3832	+	5619	7	2	0.998400852878465	0.999644633972992
3846	+	5613	11	4	0.997334754797441	0.999289267945984
3847	+	5611	13	4	0.996979388770434	0.999289267945984
3866	+	5607	15	6	0.996268656716418	0.998933901918977
3894	+	5619	3	6	0.998400852878465	0.998933901918977
3899	+	5619	3	6	0.998400852878465	0.998933901918977
3919	+	5621	2	5	0.998756218905473	0.99911158493248
3920	+	5621	1	6	0.998756218905473	0.998933901918977
3935	+	5620	1	7	0.998578535891969	0.998756218905473
3936	+	5619	3	6	0.998400852878465	0.998933901918977
3941	+	5619	3	6	0.998400852878465	0.998933901918977
3978	+	5613	9	6	0.997334754797441	0.998933901918977
3996	+	5588	35	5	0.992892679459844	0.99911158493248
3997	+	5588	35	5	0.992892679459844	0.99911158493248
4081	+	5616	10	2	0.997867803837953	0.999644633972992
4085	+	5625	1	2	0.999466950959488	0.999644633972992
4154	+	5622	5	1	0.998933901918977	0.999822316986496
4155	+	5622	5	1	0.998933901918977	0.999822316986496
4156	+	5618	9	1	0.998223169864961	0.999822316986496
4176	+	5620	6	2	0.998578535891969	0.999644633972992
4187	+	5621	4	3	0.998756218905473	0.999466950959488
4198	+	5619	6	3	0.998400852878465	0.999466950959488
4199	+	5619	6	3	0.998400852878465	0.999466950959488
4246	+	5590	34	4	0.993248045486851	0.999289267945984
4270	+	5617	7	4	0.998045486851457	0.999289267945984
4283	+	5624	2	2	0.999289267945984	0.999644633972992
4284	+	5624	2	2	0.999289267945984	0.999644633972992
4285	+	5624	2	2	0.999289267945984	0.999644633972992
4292	+	5626	1	1	0.999644633972992	0.999822316986496
4293	+	5625	2	1	0.999466950959488	0.999822316986496
4341	+	5626	0	2	0.999644633972992	0.999644633972992
4374	+	5627	1	0	0.999822316986496	1
4395	+	5604	22	2	0.995735607675906	0.999644633972992
4403	+	5623	2	3	0.99911158493248	0.999466950959488
4425	+	5617	4	7	0.998045486851457	0.998756218905473
4430	+	5616	5	7	0.997867803837953	0.998756218905473
4457	+	5617	3	8	0.998045486851457	0.998578535891969
4472	+	5617	3	8	0.998045486851457	0.998578535891969
4473	+	5617	3	8	0.998045486851457	0.998578535891969
4526	+	5604	12	12	0.995735607675906	0.997867803837953
4527	+	5604	12	12	0.995735607675906	0.997867803837953
4567	+	5612	5	11	0.997157071783937	0.998045486851457
4572	+	5612	6	10	0.997157071783937	0.998223169864961
4615	+	5610	5	13	0.99680170575693	0.997690120824449
4652	+	5604	16	8	0.995735607675906	0.998578535891969
4727	+	5620	2	6	0.998578535891969	0.998933901918977
4728	+	5619	3	6	0.998400852878465	0.998933901918977
4752	+	5617	4	7	0.998045486851457	0.998756218905473
4778	+	5615	4	9	0.997690120824449	0.998400852878465
4841	+	5621	1	6	0.998756218905473	0.998933901918977
4842	+	5620	2	6	0.998578535891969	0.998933901918977
5060	+	5605	17	6	0.99591329068941	0.998933901918977
5061	+	5605	16	7	0.99591329068941	0.998756218905473
5065	+	5613	8	7	0.997334754797441	0.998756218905473
5066	+	5613	8	7	0.997334754797441	0.998756218905473
5090	+	5620	2	6	0.998578535891969	0.998933901918977
5091	+	5620	2	6	0.998578535891969	0.998933901918977
5194	+	5618	3	7	0.998223169864961	0.998756218905473
5204	+	5616	5	7	0.997867803837953	0.998756218905473
5205	+	5616	5	7	0.997867803837953	0.998756218905473
5206	+	5611	10	7	0.996979388770434	0.998756218905473
5213	+	5613	9	6	0.997334754797441	0.998933901918977
5246	+	5623	2	3	0.99911158493248	0.999466950959488
5298	+	5581	21	26	0.991648898365316	0.995380241648898
5433	+	5617	3	8	0.998045486851457	0.998578535891969
5477	+	5609	10	9	0.996624022743426	0.998400852878465
5478	+	5609	9	10	0.996624022743426	0.998223169864961
5501	+	5607	9	12	0.996268656716418	0.997867803837953
5502	+	5607	9	12	0.996268656716418	0.997867803837953
5585	+	5618	4	6	0.998223169864961	0.998933901918977
5615	+	5625	2	1	0.999466950959488	0.999822316986496
5626	+	5624	3	1	0.999289267945984	0.999822316986496
5627	+	5623	4	1	0.99911158493248	0.999822316986496
5753	+	5627	0	1	0.999822316986496	0.999822316986496
5768	+	5612	15	1	0.997157071783937	0.999822316986496
5772	+	5612	15	1	0.997157071783937	0.999822316986496
5806	+	5622	3	3	0.998933901918977	0.999466950959488
5822	+	5617	6	5	0.998045486851457	0.99911158493248
5849	+	5616	8	4	0.997867803837953	0.999289267945984
5853	+	5609	14	5	0.996624022743426	0.99911158493248
5854	+	5609	15	4	0.996624022743426	0.999289267945984
5875	+	5615	7	6	0.997690120824449	0.998933901918977
5876	+	5615	7	6	0.997690120824449	0.998933901918977
5891	+	5620	2	6	0.998578535891969	0.998933901918977
5916	+	5623	1	4	0.99911158493248	0.999289267945984
5948	+	5621	1	6	0.998756218905473	0.998933901918977
5992	+	5620	2	6	0.998578535891969	0.998933901918977
6007	+	5614	6	8	0.997512437810945	0.998578535891969
6050	+	5620	4	4	0.998578535891969	0.999289267945984
6067	+	5619	4	5	0.998400852878465	0.99911158493248
6089	+	5624	2	2	0.999289267945984	0.999644633972992
6110	+	5623	4	1	0.99911158493248	0.999822316986496
6133	+	5619	9	0	0.998400852878465	1
6161	+	5626	0	2	0.999644633972992	0.999644633972992
6185	+	5623	3	2	0.99911158493248	0.999644633972992
6194	+	5626	1	1	0.999644633972992	0.999822316986496
6206	+	5625	2	1	0.999466950959488	0.999822316986496
6242	+	5619	7	2	0.998400852878465	0.999644633972992
6254	+	5611	9	8	0.996979388770434	0.998578535891969
6259	+	5616	4	8	0.997867803837953	0.998578535891969
6292	+	5601	15	12	0.995202558635394	0.997867803837953
6293	+	5581	31	16	0.991648898365316	0.997157071783937
6303	+	5576	37	15	0.990760483297797	0.997334754797441
6310	+	5574	40	14	0.990405117270789	0.997512437810945
6376	+	5598	5	25	0.994669509594883	0.995557924662402
6377	+	5598	5	25	0.994669509594883	0.995557924662402
6402	+	5602	6	20	0.995380241648898	0.996446339729922
6403	+	5606	3	19	0.996090973702914	0.996624022743426
6419	+	5600	9	19	0.995024875621891	0.996624022743426
6443	+	5595	13	20	0.994136460554371	0.996446339729922
6444	+	5593	14	21	0.993781094527363	0.996268656716418
6476	+	5612	2	14	0.997157071783937	0.997512437810945
6484	+	5608	4	16	0.996446339729922	0.997157071783937
6496	+	5602	8	18	0.995380241648898	0.99680170575693
6497	+	5602	8	18	0.995380241648898	0.99680170575693
6498	+	5601	9	18	0.995202558635394	0.99680170575693
6569	+	5612	7	9	0.997157071783937	0.998400852878465
6602	+	5613	3	12	0.997334754797441	0.997867803837953
6603	+	5613	3	12	0.997334754797441	0.997867803837953
6686	+	5599	15	14	0.994847192608387	0.997512437810945
6727	+	5612	2	14	0.997157071783937	0.997512437810945
6802	+	5602	6	20	0.995380241648898	0.996446339729922
6815	+	5602	7	19	0.995380241648898	0.996624022743426
6841	+	5597	5	26	0.994491826581379	0.995380241648898
6866	+	5540	10	78	0.984363894811656	0.986140724946695
6917	+	5533	5	90	0.983120113717129	0.984008528784648
6925	+	5532	3	93	0.982942430703625	0.983475479744137
7158	+	5615	10	3	0.997690120824449	0.999466950959488
7167	+	5620	5	3	0.998578535891969	0.999466950959488
7187	+	5622	3	3	0.998933901918977	0.999466950959488
7362	+	5624	0	4	0.999289267945984	0.999289267945984
7427	+	5609	17	2	0.996624022743426	0.999644633972992
7428	+	5609	17	2	0.996624022743426	0.999644633972992
7484	+	5627	1	0	0.999822316986496	1
7568	+	5625	3	0	0.999466950959488	1
7580	+	5622	4	2	0.998933901918977	0.999644633972992
7676	+	5623	1	4	0.99911158493248	0.999289267945984
7677	+	5623	1	4	0.99911158493248	0.999289267945984
7687	+	5621	1	6	0.998756218905473	0.998933901918977
7763	+	5598	25	5	0.994669509594883	0.99911158493248
7773	+	5620	3	5	0.998578535891969	0.99911158493248
7774	+	5622	1	5	0.998933901918977	0.99911158493248
7785	+	5616	6	6	0.997867803837953	0.998933901918977
7841	+	5613	7	8	0.997334754797441	0.998578535891969
7880	+	5622	3	3	0.998933901918977	0.999466950959488
7885	+	5622	3	3	0.998933901918977	0.999466950959488
7886	+	5622	3	3	0.998933901918977	0.999466950959488
7906	+	5623	2	3	0.99911158493248	0.999466950959488
7907	+	5623	2	3	0.99911158493248	0.999466950959488
8009	+	5616	8	4	0.997867803837953	0.999289267945984
8010	+	5616	8	4	0.997867803837953	0.999289267945984
8064	+	5605	20	3	0.99591329068941	0.999466950959488
8065	+	5604	21	3	0.995735607675906	0.999466950959488
8066	+	5604	21	3	0.995735607675906	0.999466950959488
8072	+	5603	22	3	0.995557924662402	0.999466950959488
8073	+	5608	16	4	0.996446339729922	0.999289267945984
8107	+	5621	5	2	0.998756218905473	0.999644633972992
8184	+	5620	4	4	0.998578535891969	0.999289267945984
8189	+	5620	6	2	0.998578535891969	0.999644633972992
8210	+	5625	0	3	0.999466950959488	0.999466950959488
8279	+	5613	10	5	0.997334754797441	0.99911158493248
8286	+	5613	11	4	0.997334754797441	0.999289267945984
8287	+	5613	11	4	0.997334754797441	0.999289267945984
8356	+	5611	12	5	0.996979388770434	0.99911158493248
8357	+	5611	12	5	0.996979388770434	0.99911158493248
8358	+	5613	10	5	0.997334754797441	0.99911158493248
8390	+	5617	8	3	0.998045486851457	0.999466950959488
8422	+	5621	5	2	0.998756218905473	0.999644633972992
8423	+	5624	2	2	0.999289267945984	0.999644633972992
8427	+	5626	0	2	0.999644633972992	0.999644633972992
8444	+	5625	1	2	0.999466950959488	0.999644633972992
8445	+	5623	3	2	0.99911158493248	0.999644633972992
8446	+	5621	5	2	0.998756218905473	0.999644633972992
8512	+	5626	1	1	0.999644633972992	0.999822316986496
8534	+	5625	2	1	0.999466950959488	0.999822316986496
8535	+	5625	2	1	0.999466950959488	0.999822316986496
8567	+	5624	0	4	0.999289267945984	0.999289267945984
8636	+	5598	29	1	0.994669509594883	0.999822316986496
8658	+	5621	5	2	0.998756218905473	0.999644633972992
8732	+	5622	4	2	0.998933901918977	0.999644633972992
8789	+	5622	4	2	0.998933901918977	0.999644633972992
8944	+	5622	4	2	0.998933901918977	0.999644633972992
8945	+	5622	4	2	0.998933901918977	0.999644633972992
9011	+	5623	5	0	0.99911158493248	1
9081	+	5625	3	0	0.999466950959488	1
9213	+	5585	41	2	0.992359630419332	0.999644633972992
9316	+	5608	9	11	0.996446339729922	0.998045486851457
9694	+	5619	3	6	0.998400852878465	0.998933901918977
9727	+	5617	5	6	0.998045486851457	0.998933901918977
9799	+	5619	5	4	0.998400852878465	0.999289267945984
9803	+	5620	4	4	0.998578535891969	0.999289267945984
9807	+	5624	0	4	0.999289267945984	0.999289267945984
9817	+	5625	2	1	0.999466950959488	0.999822316986496
9949	+	5604	22	2	0.995735607675906	0.999644633972992
10005	+	5622	5	1	0.998933901918977	0.999822316986496
10045	+	5626	0	2	0.999644633972992	0.999644633972992
10046	+	5626	0	2	0.999644633972992	0.999644633972992
10047	+	5626	0	2	0.999644633972992	0.999644633972992
10067	+	5622	5	1	0.998933901918977	0.999822316986496
10281	+	5623	3	2	0.99911158493248	0.999644633972992
10282	+	5623	3	2	0.99911158493248	0.999644633972992
10599	+	5613	14	1	0.997334754797441	0.999822316986496
10672	+	5626	2	0	0.999644633972992	1
10800	+	5621	6	1	0.998756218905473	0.999822316986496
10837	+	5606	21	1	0.996090973702914	0.999822316986496
10838	+	5606	21	1	0.996090973702914	0.999822316986496
10851	+	5598	29	1	0.994669509594883	0.999822316986496
10852	+	5616	11	1	0.997867803837953	0.999822316986496
10950	+	5623	4	1	0.99911158493248	0.999822316986496
10961	+	5625	1	2	0.999466950959488	0.999644633972992
10962	+	5621	5	2	0.998756218905473	0.999644633972992
11067	+	4671	930	27	0.829957356076759	0.995202558635394
11068	+	4671	931	26	0.829957356076759	0.995380241648898
11132	+	5624	4	0	0.999289267945984	1
11281	+	5623	4	1	0.99911158493248	0.999822316986496
11282	+	5623	4	1	0.99911158493248	0.999822316986496
11402	+	5576	51	1	0.990760483297797	0.999822316986496
11759	+	5624	3	1	0.999289267945984	0.999822316986496
11771	+	5621	7	0	0.998756218905473	1
11792	+	5610	17	1	0.99680170575693	0.999822316986496
11804	+	5624	2	2	0.999289267945984	0.999644633972992
11825	+	5608	20	0	0.996446339729922	1
11826	+	5608	20	0	0.996446339729922	1
11839	+	5609	19	0	0.996624022743426	1
11900	+	5537	88	3	0.983830845771144	0.999466950959488
11948	+	5616	11	1	0.997867803837953	0.999822316986496
11970	+	5626	2	0	0.999644633972992	1
11971	+	5626	2	0	0.999644633972992	1
11972	+	5626	2	0	0.999644633972992	1
11973	+	5626	2	0	0.999644633972992	1
12025	+	5624	1	3	0.999289267945984	0.999466950959488
12042	+	5625	3	0	0.999466950959488	1
12176	+	5624	3	1	0.999289267945984	0.999822316986496
12177	+	5624	3	1	0.999289267945984	0.999822316986496
12178	+	5623	4	1	0.99911158493248	0.999822316986496
12206	+	5627	1	0	0.999822316986496	1
12249	+	5624	4	0	0.999289267945984	1
12250	+	5625	3	0	0.999466950959488	1
12276	+	5628	0	0	1	1
12284	+	5627	1	0	0.999822316986496	1
12313	+	5625	2	1	0.999466950959488	0.999822316986496
12314	+	5625	2	1	0.999466950959488	0.999822316986496
12358	+	5624	4	0	0.999289267945984	1
12449	+	5625	2	1	0.999466950959488	0.999822316986496
12485	+	5627	1	0	0.999822316986496	1
12486	+	5627	1	0	0.999822316986496	1
12487	+	5627	1	0	0.999822316986496	1
12534	+	5614	13	1	0.997512437810945	0.999822316986496
12563	+	5625	2	1	0.999466950959488	0.999822316986496
12564	+	5625	2	1	0.999466950959488	0.999822316986496
12582	+	5627	1	0	0.999822316986496	1
12656	+	5627	1	0	0.999822316986496	1
12723	+	5626	1	1	0.999644633972992	0.999822316986496
12769	+	5616	10	2	0.997867803837953	0.999644633972992
12818	+	5621	6	1	0.998756218905473	0.999822316986496
12905	+	5627	1	0	0.999822316986496	1
12914	+	5626	1	1	0.999644633972992	0.999822316986496
12938	+	5627	0	1	0.999822316986496	0.999822316986496
12946	+	5625	2	1	0.999466950959488	0.999822316986496
12955	+	5621	6	1	0.998756218905473	0.999822316986496
13076	+	5624	4	0	0.999289267945984	1
13085	+	5625	1	2	0.999466950959488	0.999644633972992
13255	+	5623	5	0	0.99911158493248	1
13262	+	5625	3	0	0.999466950959488	1
13279	+	5627	0	1	0.999822316986496	0.999822316986496
13280	+	5627	0	1	0.999822316986496	0.999822316986496
13296	+	5627	0	1	0.999822316986496	0.999822316986496
13340	+	5624	1	3	0.999289267945984	0.999466950959488
13341	+	5624	1	3	0.999289267945984	0.999466950959488
13342	+	5624	1	3	0.999289267945984	0.999466950959488
13373	+	5622	4	2	0.998933901918977	0.999644633972992
13444	+	5616	4	8	0.997867803837953	0.998578535891969
13540	+	5608	4	16	0.996446339729922	0.997157071783937
13558	+	5604	7	17	0.995735607675906	0.996979388770434
13566	+	5602	8	18	0.995380241648898	0.99680170575693
13567	+	5602	7	19	0.995380241648898	0.996624022743426
13568	+	5600	9	19	0.995024875621891	0.996624022743426
13592	+	5608	3	17	0.996446339729922	0.996979388770434
13593	+	5609	2	17	0.996624022743426	0.996979388770434
13670	+	5618	3	7	0.998223169864961	0.998756218905473
13711	+	5593	35	0	0.993781094527363	1
13780	+	5626	2	0	0.999644633972992	1
13845	+	5615	11	2	0.997690120824449	0.999644633972992
13846	+	5616	10	2	0.997867803837953	0.999644633972992
13850	+	5616	11	1	0.997867803837953	0.999822316986496
13894	+	5624	3	1	0.999289267945984	0.999822316986496
13895	+	5624	3	1	0.999289267945984	0.999822316986496
13896	+	5623	4	1	0.99911158493248	0.999822316986496
13919	+	5604	24	0	0.995735607675906	1
13920	+	5604	24	0	0.995735607675906	1
13980	+	5626	1	1	0.999644633972992	0.999822316986496
13981	+	5627	0	1	0.999822316986496	0.999822316986496
13982	+	5627	0	1	0.999822316986496	0.999822316986496
14010	+	5625	2	1	0.999466950959488	0.999822316986496
14090	+	5626	2	0	0.999644633972992	1
14205	+	5625	1	2	0.999466950959488	0.999644633972992
14232	+	5624	2	2	0.999289267945984	0.999644633972992
14233	+	5625	1	2	0.999466950959488	0.999644633972992
14259	+	5619	9	0	0.998400852878465	1
14260	+	5620	8	0	0.998578535891969	1
14281	+	5627	1	0	0.999822316986496	1
14307	+	5622	5	1	0.998933901918977	0.999822316986496
14352	+	5626	2	0	0.999644633972992	1
14412	+	5625	2	1	0.999466950959488	0.999822316986496
14413	+	5624	3	1	0.999289267945984	0.999822316986496
14414	+	5624	2	2	0.999289267945984	0.999644633972992
14496	+	5622	4	2	0.998933901918977	0.999644633972992
14590	+	5619	6	3	0.998400852878465	0.999466950959488
14642	+	5621	3	4	0.998756218905473	0.999289267945984
14650	+	5623	2	3	0.99911158493248	0.999466950959488
14668	+	5624	2	2	0.999289267945984	0.999644633972992
14730	+	5613	13	2	0.997334754797441	0.999644633972992
14731	+	5613	13	2	0.997334754797441	0.999644633972992
14917	+	5612	14	2	0.997157071783937	0.999644633972992
14941	+	5623	4	1	0.99911158493248	0.999822316986496
15012	+	5618	6	4	0.998223169864961	0.999289267945984
15013	+	5618	6	4	0.998223169864961	0.999289267945984
15041	+	5626	2	0	0.999644633972992	1
15069	+	5626	1	1	0.999644633972992	0.999822316986496
15137	+	5623	1	4	0.99911158493248	0.999289267945984
15138	+	5622	2	4	0.998933901918977	0.999289267945984
15139	+	5621	2	5	0.998756218905473	0.99911158493248
15148	+	5621	2	5	0.998756218905473	0.99911158493248
15196	+	5620	7	1	0.998578535891969	0.999822316986496
15225	+	5618	8	2	0.998223169864961	0.999644633972992
15226	+	5618	8	2	0.998223169864961	0.999644633972992
15227	+	5617	9	2	0.998045486851457	0.999644633972992
15248	+	5624	3	1	0.999289267945984	0.999822316986496
15249	+	5624	3	1	0.999289267945984	0.999822316986496
15280	+	5623	5	0	0.99911158493248	1
15340	+	5623	4	1	0.99911158493248	0.999822316986496
15413	+	5625	2	1	0.999466950959488	0.999822316986496
15445	+	5626	2	0	0.999644633972992	1
15559	+	5626	2	0	0.999644633972992	1
15560	+	5624	4	0	0.999289267945984	1
15618	+	5627	1	0	0.999822316986496	1
15670	+	5624	4	0	0.999289267945984	1
15756	+	5604	23	1	0.995735607675906	0.999822316986496
15785	+	5626	0	2	0.999644633972992	0.999644633972992
15786	+	5625	1	2	0.999466950959488	0.999644633972992
15810	+	5625	2	1	0.999466950959488	0.999822316986496
15811	+	5626	2	0	0.999644633972992	1
15838	+	5620	8	0	0.998578535891969	1
15880	+	5625	3	0	0.999466950959488	1
15963	+	5622	5	1	0.998933901918977	0.999822316986496
15964	+	5623	4	1	0.99911158493248	0.999822316986496
15965	+	5623	4	1	0.99911158493248	0.999822316986496
16030	+	5627	1	0	0.999822316986496	1
16086	+	5626	2	0	0.999644633972992	1
16297	+	5624	4	0	0.999289267945984	1
16333	+	5625	2	1	0.999466950959488	0.999822316986496
16432	+	5627	1	0	0.999822316986496	1
16441	+	5618	9	1	0.998223169864961	0.999822316986496
16495	+	5620	2	6	0.998578535891969	0.998933901918977
16496	+	5616	6	6	0.997867803837953	0.998933901918977
16497	+	5616	6	6	0.997867803837953	0.998933901918977
16560	+	5616	4	8	0.997867803837953	0.998578535891969
16598	+	5619	0	9	0.998400852878465	0.998400852878465
16622	+	5611	8	9	0.996979388770434	0.998400852878465
16630	+	5612	7	9	0.997157071783937	0.998400852878465
16651	+	5617	2	9	0.998045486851457	0.998400852878465
16726	+	5615	4	9	0.997690120824449	0.998400852878465
16749	+	5605	14	9	0.99591329068941	0.998400852878465
16780	+	5627	1	0	0.999822316986496	1
16781	+	5627	1	0	0.999822316986496	1
16782	+	5627	1	0	0.999822316986496	1
16789	+	5627	0	1	0.999822316986496	0.999822316986496
16796	+	5627	1	0	0.999822316986496	1
16817	+	5626	2	0	0.999644633972992	1
16818	+	5626	2	0	0.999644633972992	1
16819	+	5626	2	0	0.999644633972992	1
16867	+	5625	2	1	0.999466950959488	0.999822316986496
16872	+	5604	24	0	0.995735607675906	1
17016	+	5625	2	1	0.999466950959488	0.999822316986496
17024	+	5625	2	1	0.999466950959488	0.999822316986496
17025	+	5625	2	1	0.999466950959488	0.999822316986496
17039	+	5626	2	0	0.999644633972992	1
17040	+	5625	3	0	0.999466950959488	1
17181	+	5624	3	1	0.999289267945984	0.999822316986496
17182	+	5623	4	1	0.99911158493248	0.999822316986496
17200	+	5626	1	1	0.999644633972992	0.999822316986496
17248	+	5624	4	0	0.999289267945984	1
17254	+	5623	5	0	0.99911158493248	1
17295	+	5619	9	0	0.998400852878465	1
17339	+	5622	4	2	0.998933901918977	0.999644633972992
17355	+	5616	11	1	0.997867803837953	0.999822316986496
17503	+	5625	3	0	0.999466950959488	1
17504	+	5624	4	0	0.999289267945984	1
17555	+	5608	5	15	0.996446339729922	0.997334754797441
17599	+	5611	2	15	0.996979388770434	0.997334754797441
17608	+	5609	4	15	0.996624022743426	0.997334754797441
17614	+	5609	5	14	0.996624022743426	0.997512437810945
17632	+	5606	8	14	0.996090973702914	0.997512437810945
17633	+	5606	8	14	0.996090973702914	0.997512437810945
17690	+	5596	18	14	0.994314143567875	0.997512437810945
17736	+	5040	572	16	0.895522388059702	0.997157071783937
17737	+	5040	572	16	0.895522388059702	0.997157071783937
17784	+	5616	11	1	0.997867803837953	0.999822316986496
17807	+	5625	2	1	0.999466950959488	0.999822316986496
17858	+	5016	612	0	0.891257995735608	1
17867	+	5604	24	0	0.995735607675906	1
17889	+	5625	3	0	0.999466950959488	1
17919	+	5626	2	0	0.999644633972992	1
17920	+	5626	2	0	0.999644633972992	1
17987	+	5627	1	0	0.999822316986496	1
18023	+	5622	6	0	0.998933901918977	1
18024	+	5622	6	0	0.998933901918977	1
18043	+	5031	596	1	0.893923240938166	0.999822316986496
18112	+	5621	6	1	0.998756218905473	0.999822316986496
18118	+	5623	3	2	0.99911158493248	0.999644633972992
18119	+	5623	3	2	0.99911158493248	0.999644633972992
18199	+	5624	3	1	0.999289267945984	0.999822316986496
18200	+	5623	4	1	0.99911158493248	0.999822316986496
18433	+	5624	2	2	0.999289267945984	0.999644633972992
18457	+	5620	5	3	0.998578535891969	0.999466950959488
18481	+	5616	9	3	0.997867803837953	0.999466950959488
18510	+	5625	2	1	0.999466950959488	0.999822316986496
18521	+	5626	1	1	0.999644633972992	0.999822316986496
18541	+	5623	5	0	0.99911158493248	1
18542	+	5623	5	0	0.99911158493248	1
18543	+	5623	5	0	0.99911158493248	1
18616	+	5624	4	0	0.999289267945984	1
18617	+	5624	3	1	0.999289267945984	0.999822316986496
18779	+	5613	14	1	0.997334754797441	0.999822316986496
18948	+	5626	1	1	0.999644633972992	0.999822316986496
18970	+	5616	9	3	0.997867803837953	0.999466950959488
18991	+	5556	67	5	0.987206823027719	0.99911158493248
19024	+	5624	4	0	0.999289267945984	1
19093	+	5620	6	2	0.998578535891969	0.999644633972992
19102	+	5618	8	2	0.998223169864961	0.999644633972992
19103	+	5621	5	2	0.998756218905473	0.999644633972992
19144	+	5623	3	2	0.99911158493248	0.999644633972992
19281	+	5355	14	259	0.951492537313433	0.953980099502488
19285	+	5345	13	270	0.949715707178394	0.952025586353945
19315	+	5365	15	248	0.953269367448472	0.955934612651031
19316	+	5365	17	246	0.953269367448472	0.956289978678038
19335	+	5327	24	277	0.946517412935323	0.950781805259417
19336	+	5326	24	278	0.946339729921819	0.950604122245913
19386	+	5294	18	316	0.940653873489694	0.943852167732765
19387	+	5293	22	313	0.94047619047619	0.944385216773276
19422	+	5297	21	310	0.941186922530206	0.944918265813788
19552	+	5221	28	379	0.927683013503909	0.932658137882018
19607	+	5423	10	195	0.963574982231699	0.965351812366738
19608	+	5423	10	195	0.963574982231699	0.965351812366738
19629	+	5435	17	176	0.965707178393746	0.968727789623312
19698	+	5461	9	158	0.970326936744847	0.971926083866382
19699	+	5458	12	158	0.969793887704335	0.971926083866382
19730	+	5463	10	155	0.970682302771855	0.972459132906894
19731	+	5464	10	154	0.970859985785359	0.972636815920398
19735	+	5464	13	151	0.970859985785359	0.97316986496091
19736	+	5466	11	151	0.971215351812367	0.97316986496091
19789	+	5489	3	136	0.975302061122957	0.975835110163468
19807	+	5490	9	129	0.975479744136461	0.977078891257996
19808	+	5490	8	130	0.975479744136461	0.976901208244492
19864	+	5576	3	49	0.990760483297797	0.991293532338308
19865	+	5572	7	49	0.990049751243781	0.991293532338308
19927	+	5535	7	86	0.983475479744137	0.984719260838664
19937	+	5536	6	86	0.98365316275764	0.984719260838664
20004	+	5498	15	115	0.976901208244492	0.979566453447051
20044	+	5494	28	106	0.976190476190476	0.981165600568586
20071	+	5538	5	85	0.984008528784648	0.984896943852168
20115	+	5506	22	100	0.978322672352523	0.982231698649609
20116	+	5507	22	99	0.978500355366027	0.982409381663113
20117	+	5507	22	99	0.978500355366027	0.982409381663113
20140	+	5494	15	119	0.976190476190476	0.978855721393035
20171	+	5477	8	143	0.97316986496091	0.974591329068941
20193	+	5528	5	95	0.982231698649609	0.983120113717129
20209	+	5558	2	68	0.987562189054726	0.987917555081734
20222	+	5557	9	62	0.987384506041222	0.988983653162758
20228	+	5560	9	59	0.987917555081734	0.989516702203269
20275	+	5546	31	51	0.985429992892679	0.990938166311301
20365	+	5588	4	36	0.992892679459844	0.993603411513859
20425	+	5585	7	36	0.992359630419332	0.993603411513859
20426	+	5585	6	37	0.992359630419332	0.993425728500355
20427	+	5585	6	37	0.992359630419332	0.993425728500355
20450	+	5585	2	41	0.992359630419332	0.99271499644634
20510	+	5617	1	10	0.998045486851457	0.998223169864961
20517	+	5616	2	10	0.997867803837953	0.998223169864961
20518	+	5616	2	10	0.997867803837953	0.998223169864961
20554	+	5616	7	5	0.997867803837953	0.99911158493248
20576	+	5566	57	5	0.988983653162758	0.99911158493248
20599	+	5623	1	4	0.99911158493248	0.999289267945984
20615	+	5618	5	5	0.998223169864961	0.99911158493248
20628	+	5614	9	5	0.997512437810945	0.99911158493248
20629	+	5616	8	4	0.997867803837953	0.999289267945984
20683	+	5620	5	3	0.998578535891969	0.999466950959488
20684	+	5616	9	3	0.997867803837953	0.999466950959488
20690	+	5615	10	3	0.997690120824449	0.999466950959488
20705	+	5619	4	5	0.998400852878465	0.99911158493248
20706	+	5619	4	5	0.998400852878465	0.99911158493248
20720	+	5621	3	4	0.998756218905473	0.999289267945984
20721	+	5612	12	4	0.997157071783937	0.999289267945984
20749	+	5601	24	3	0.995202558635394	0.999466950959488
20772	+	5622	3	3	0.998933901918977	0.999466950959488
20773	+	5622	3	3	0.998933901918977	0.999466950959488
20799	+	5625	3	0	0.999466950959488	1
20863	+	5625	1	2	0.999466950959488	0.999644633972992
21004	+	5627	1	0	0.999822316986496	1
21046	+	5625	2	1	0.999466950959488	0.999822316986496
21047	+	5625	2	1	0.999466950959488	0.999822316986496
21048	+	5625	2	1	0.999466950959488	0.999822316986496
21057	+	5622	6	0	0.998933901918977	1
21058	+	5624	4	0	0.999289267945984	1
21062	+	5623	4	1	0.99911158493248	0.999822316986496
21063	+	5623	4	1	0.99911158493248	0.999822316986496
21073	+	5624	3	1	0.999289267945984	0.999822316986496
21113	+	5623	4	1	0.99911158493248	0.999822316986496
21114	+	5623	4	1	0.99911158493248	0.999822316986496
21144	+	5608	10	10	0.996446339729922	0.998223169864961
21277	+	5611	4	13	0.996979388770434	0.997690120824449
21290	+	5606	7	15	0.996090973702914	0.997334754797441
21315	+	5614	3	11	0.997512437810945	0.998045486851457
21339	+	5615	7	6	0.997690120824449	0.998933901918977
21382	+	5617	4	7	0.998045486851457	0.998756218905473
21394	+	5608	6	14	0.996446339729922	0.997512437810945
21423	+	5598	6	24	0.994669509594883	0.995735607675906
21424	+	5597	5	26	0.994491826581379	0.995380241648898
21434	+	5552	8	68	0.986496090973703	0.987917555081734
21466	+	5554	5	69	0.986851457000711	0.98773987206823
21488	+	5553	6	69	0.986673773987207	0.98773987206823
21489	+	5552	7	69	0.986496090973703	0.98773987206823
21533	+	5552	8	68	0.986496090973703	0.987917555081734
21662	+	5598	5	25	0.994669509594883	0.995557924662402
21926	+	5623	1	4	0.99911158493248	0.999289267945984
21980	+	5606	13	9	0.996090973702914	0.998400852878465
21981	+	5607	13	8	0.996268656716418	0.998578535891969
21982	+	5608	12	8	0.996446339729922	0.998578535891969
21989	+	5607	14	7	0.996268656716418	0.998756218905473
21990	+	5605	16	7	0.99591329068941	0.998756218905473
22002	+	5614	11	3	0.997512437810945	0.999466950959488
22084	+	5612	8	8	0.997157071783937	0.998578535891969
22085	+	5607	13	8	0.996268656716418	0.998578535891969
22100	+	5606	7	15	0.996090973702914	0.997334754797441
22101	+	5603	10	15	0.995557924662402	0.997334754797441
22102	+	5603	10	15	0.995557924662402	0.997334754797441
22145	+	5612	3	13	0.997157071783937	0.997690120824449
22146	+	5611	5	12	0.996979388770434	0.997867803837953
22257	+	5617	3	8	0.998045486851457	0.998578535891969
22372	+	5357	22	249	0.951847903340441	0.955756929637527
22373	+	5355	23	250	0.951492537313433	0.955579246624023
22383	+	5331	27	270	0.947228144989339	0.952025586353945
22384	+	5325	32	271	0.946162046908316	0.951847903340441
22434	+	5318	29	281	0.944918265813788	0.950071073205402
22438	+	5313	33	282	0.944029850746269	0.949893390191898
22451	+	5326	26	276	0.946339729921819	0.950959488272921
22467	+	5321	29	278	0.9454513148543	0.950604122245913
22468	+	5320	32	276	0.945273631840796	0.950959488272921
22469	+	5304	45	279	0.942430703624733	0.950426439232409
22482	+	5300	39	289	0.941719971570718	0.94864960909737
22540	+	5587	1	40	0.99271499644634	0.992892679459844
22697	+	5610	3	15	0.99680170575693	0.997334754797441
22702	+	5611	2	15	0.996979388770434	0.997334754797441
22767	+	5606	2	20	0.996090973702914	0.996446339729922
22782	+	5603	4	21	0.995557924662402	0.996268656716418
22789	+	5601	7	20	0.995202558635394	0.996446339729922
22811	+	5622	0	6	0.998933901918977	0.998933901918977
22925	+	5588	6	34	0.992892679459844	0.993958777540867
22953	+	5591	3	34	0.993425728500355	0.993958777540867
23123	+	5599	6	23	0.994847192608387	0.99591329068941
23124	+	5599	8	21	0.994847192608387	0.996268656716418
23125	+	5575	32	21	0.990582800284293	0.996268656716418
23144	+	5588	38	2	0.992892679459844	0.999644633972992
23145	+	5626	0	2	0.999644633972992	0.999644633972992
23146	+	5626	0	2	0.999644633972992	0.999644633972992
23150	+	5626	1	1	0.999644633972992	0.999822316986496
23210	+	5625	1	2	0.999466950959488	0.999644633972992
23211	+	5624	2	2	0.999289267945984	0.999644633972992
23212	+	5623	3	2	0.99911158493248	0.999644633972992
23347	+	5623	4	1	0.99911158493248	0.999822316986496
23472	+	5625	3	0	0.999466950959488	1
23646	+	5628	0	0	1	1
23647	+	5627	1	0	0.999822316986496	1
23689	+	5609	19	0	0.996624022743426	1
23715	+	5561	65	2	0.988095238095238	0.999644633972992
23830	+	5624	2	2	0.999289267945984	0.999644633972992
23867	+	5621	5	2	0.998756218905473	0.999644633972992
23868	+	5620	6	2	0.998578535891969	0.999644633972992
23869	+	5621	5	2	0.998756218905473	0.999644633972992
23897	+	5621	3	4	0.998756218905473	0.999289267945984
23901	+	5622	1	5	0.998933901918977	0.99911158493248
23909	+	5621	2	5	0.998756218905473	0.99911158493248
23910	+	5594	29	5	0.993958777540867	0.99911158493248
23924	+	5587	34	7	0.99271499644634	0.998756218905473
23952	+	5616	4	8	0.997867803837953	0.998578535891969
23971	+	5614	6	8	0.997512437810945	0.998578535891969
23972	+	5615	5	8	0.997690120824449	0.998578535891969
24014	+	5618	6	4	0.998223169864961	0.999289267945984
24044	+	5595	32	1	0.994136460554371	0.999822316986496
24099	+	5612	10	6	0.997157071783937	0.998933901918977
24100	+	5618	4	6	0.998223169864961	0.998933901918977
24144	+	5623	2	3	0.99911158493248	0.999466950959488
24225	+	5618	7	3	0.998223169864961	0.999466950959488
24243	+	5623	2	3	0.99911158493248	0.999466950959488
24300	+	5625	1	2	0.999466950959488	0.999644633972992
24301	+	5625	1	2	0.999466950959488	0.999644633972992
24302	+	5625	2	1	0.999466950959488	0.999822316986496
24338	+	5624	3	1	0.999289267945984	0.999822316986496
24339	+	5623	4	1	0.99911158493248	0.999822316986496
24379	+	5599	6	23	0.994847192608387	0.99591329068941
24380	+	5599	6	23	0.994847192608387	0.99591329068941
24402	+	5621	4	3	0.998756218905473	0.999466950959488
24403	+	5620	5	3	0.998578535891969	0.999466950959488
24418	+	5621	4	3	0.998756218905473	0.999466950959488
24431	+	5621	2	5	0.998756218905473	0.99911158493248
24472	+	5621	1	6	0.998756218905473	0.998933901918977
24497	+	5626	1	1	0.999644633972992	0.999822316986496
24516	+	5625	3	0	0.999466950959488	1
24546	+	5626	0	2	0.999644633972992	0.999644633972992
24591	+	5624	0	4	0.999289267945984	0.999289267945984
24623	+	5624	1	3	0.999289267945984	0.999466950959488
24624	+	5624	1	3	0.999289267945984	0.999466950959488
24652	+	5624	1	3	0.999289267945984	0.999466950959488
24653	+	5624	1	3	0.999289267945984	0.999466950959488
24654	+	5610	16	2	0.99680170575693	0.999644633972992
24673	+	5608	18	2	0.996446339729922	0.999644633972992
24756	+	5624	3	1	0.999289267945984	0.999822316986496
24757	+	5624	2	2	0.999289267945984	0.999644633972992
24796	+	5620	7	1	0.998578535891969	0.999822316986496
24797	+	5621	7	0	0.998756218905473	1
24832	+	5624	2	2	0.999289267945984	0.999644633972992
24858	+	5562	66	0	0.988272921108742	1
24879	+	5622	6	0	0.998933901918977	1
25001	+	5618	8	2	0.998223169864961	0.999644633972992
25072	+	5626	1	1	0.999644633972992	0.999822316986496
25080	+	5624	2	2	0.999289267945984	0.999644633972992
25081	+	5624	2	2	0.999289267945984	0.999644633972992
25082	+	5621	6	1	0.998756218905473	0.999822316986496
25086	+	5621	5	2	0.998756218905473	0.999644633972992
25120	+	5624	2	2	0.999289267945984	0.999644633972992
25153	+	5623	4	1	0.99911158493248	0.999822316986496
25171	+	5623	4	1	0.99911158493248	0.999822316986496
25172	+	5622	5	1	0.998933901918977	0.999822316986496
25304	+	5619	8	1	0.998400852878465	0.999822316986496
25337	+	5574	54	0	0.990405117270789	1
25346	+	5581	46	1	0.991648898365316	0.999822316986496
25362	+	5622	2	4	0.998933901918977	0.999289267945984
25427	+	5541	86	1	0.98454157782516	0.999822316986496
25552	+	4424	1200	4	0.786069651741294	0.999289267945984
25553	+	4426	1198	4	0.786425017768301	0.999289267945984
25567	+	5608	17	3	0.996446339729922	0.999466950959488
25568	+	5605	19	4	0.99591329068941	0.999289267945984
25569	+	5597	27	4	0.994491826581379	0.999289267945984
25725	+	5612	9	7	0.997157071783937	0.998756218905473
25765	+	5606	9	13	0.996090973702914	0.997690120824449
25777	+	5603	14	11	0.995557924662402	0.998045486851457
25778	+	5602	16	10	0.995380241648898	0.998223169864961
25779	+	5598	20	10	0.994669509594883	0.998223169864961
25943	+	5587	38	3	0.99271499644634	0.999466950959488
25944	+	5587	38	3	0.99271499644634	0.999466950959488
25945	+	5586	39	3	0.992537313432836	0.999466950959488
25962	+	5542	86	0	0.984719260838664	1
25963	+	5542	86	0	0.984719260838664	1
26074	+	5610	17	1	0.99680170575693	0.999822316986496
26075	+	5609	18	1	0.996624022743426	0.999822316986496
26105	+	5619	8	1	0.998400852878465	0.999822316986496
26379	+	5617	4	7	0.998045486851457	0.998756218905473
26380	+	5617	5	6	0.998045486851457	0.998933901918977
26410	+	5618	4	6	0.998223169864961	0.998933901918977
26411	+	5618	4	6	0.998223169864961	0.998933901918977
26412	+	5618	4	6	0.998223169864961	0.998933901918977
26450	+	5603	19	6	0.995557924662402	0.998933901918977
26459	+	5608	15	5	0.996446339729922	0.99911158493248
26541	+	5625	1	2	0.999466950959488	0.999644633972992
26542	+	5624	2	2	0.999289267945984	0.999644633972992
26543	+	5622	4	2	0.998933901918977	0.999644633972992
26720	+	5538	89	1	0.984008528784648	0.999822316986496
26845	+	5621	6	1	0.998756218905473	0.999822316986496
26905	+	5622	5	1	0.998933901918977	0.999822316986496
26997	+	5619	8	1	0.998400852878465	0.999822316986496
27001	+	5617	10	1	0.998045486851457	0.999822316986496
27039	+	5408	219	1	0.96090973702914	0.999822316986496
27114	+	5621	5	2	0.998756218905473	0.999644633972992
27119	+	5620	3	5	0.998578535891969	0.99911158493248
27247	+	5611	13	4	0.996979388770434	0.999289267945984
27279	+	5608	15	5	0.996446339729922	0.99911158493248
27292	+	5613	9	6	0.997334754797441	0.998933901918977
27293	+	5613	9	6	0.997334754797441	0.998933901918977
27294	+	5614	7	7	0.997512437810945	0.998756218905473
27322	+	5607	15	6	0.996268656716418	0.998933901918977
27365	+	5589	34	5	0.993070362473348	0.99911158493248
27376	+	5588	37	3	0.992892679459844	0.999466950959488
27377	+	5589	36	3	0.993070362473348	0.999466950959488
27465	+	5619	8	1	0.998400852878465	0.999822316986496
27466	+	5619	7	2	0.998400852878465	0.999644633972992
27529	+	5591	11	26	0.993425728500355	0.995380241648898
27585	+	5584	12	32	0.992181947405828	0.994314143567875
27586	+	5584	12	32	0.992181947405828	0.994314143567875
27625	+	5553	36	39	0.986673773987207	0.993070362473348
27721	+	5592	4	32	0.993603411513859	0.994314143567875
27722	+	5590	5	33	0.993248045486851	0.994136460554371
27726	+	5594	2	32	0.993958777540867	0.994314143567875
27850	+	5623	4	1	0.99911158493248	0.999822316986496
27865	+	5614	11	3	0.997512437810945	0.999466950959488
27876	+	5620	6	2	0.998578535891969	0.999644633972992
28002	+	5625	1	2	0.999466950959488	0.999644633972992
28028	+	5622	5	1	0.998933901918977	0.999822316986496
28029	+	5622	5	1	0.998933901918977	0.999822316986496
28074	+	5550	76	2	0.986140724946695	0.999644633972992
28152	+	5623	4	1	0.99911158493248	0.999822316986496
28237	+	5613	12	3	0.997334754797441	0.999466950959488
28245	+	5614	11	3	0.997512437810945	0.999466950959488
28250	+	5614	11	3	0.997512437810945	0.999466950959488
28251	+	5614	11	3	0.997512437810945	0.999466950959488
28272	+	5620	8	0	0.998578535891969	1
28273	+	5620	8	0	0.998578535891969	1
28282	+	5618	9	1	0.998223169864961	0.999822316986496
28363	+	5601	25	2	0.995202558635394	0.999644633972992
28364	+	5601	25	2	0.995202558635394	0.999644633972992
28445	+	5624	4	0	0.999289267945984	1
28500	+	5623	5	0	0.99911158493248	1
28550	+	5627	1	0	0.999822316986496	1
28551	+	5627	1	0	0.999822316986496	1
28556	+	5627	1	0	0.999822316986496	1
28631	+	5613	15	0	0.997334754797441	1
28678	+	5523	105	0	0.98134328358209	1
28679	+	5524	104	0	0.981520966595594	1
28756	+	5625	3	0	0.999466950959488	1
28757	+	5625	3	0	0.999466950959488	1
28837	+	5502	126	0	0.977611940298508	1
28949	+	5621	5	2	0.998756218905473	0.999644633972992
28950	+	5620	6	2	0.998578535891969	0.999644633972992
28961	+	5621	6	1	0.998756218905473	0.999822316986496
28983	+	5618	7	3	0.998223169864961	0.999466950959488
28997	+	5621	5	2	0.998756218905473	0.999644633972992
29031	+	5622	4	2	0.998933901918977	0.999644633972992
29032	+	5623	3	2	0.99911158493248	0.999644633972992
29033	+	5625	1	2	0.999466950959488	0.999644633972992
29048	+	5626	1	1	0.999644633972992	0.999822316986496
29094	+	5598	30	0	0.994669509594883	1
29104	+	5625	3	0	0.999466950959488	1
29147	+	5619	9	0	0.998400852878465	1
29160	+	5618	10	0	0.998223169864961	1
29264	+	5623	5	0	0.99911158493248	1
29276	+	5621	7	0	0.998756218905473	1
29284	+	5606	22	0	0.996090973702914	1
29291	+	5607	21	0	0.996268656716418	1
29333	+	5623	4	1	0.99911158493248	0.999822316986496
29334	+	5609	18	1	0.996624022743426	0.999822316986496
29357	+	5587	14	27	0.99271499644634	0.995202558635394
29358	+	5587	14	27	0.99271499644634	0.995202558635394
29359	+	5576	25	27	0.990760483297797	0.995202558635394
29366	+	5576	25	27	0.990760483297797	0.995202558635394
29367	+	5577	24	27	0.990938166311301	0.995202558635394
29368	+	5577	23	28	0.990938166311301	0.995024875621891
29385	+	5593	12	23	0.993781094527363	0.99591329068941
29414	+	5583	24	21	0.992004264392324	0.996268656716418
29421	+	5583	23	22	0.992004264392324	0.996090973702914
29465	+	5577	17	34	0.990938166311301	0.993958777540867
29511	+	5585	13	30	0.992359630419332	0.994669509594883
29548	+	5485	107	36	0.974591329068941	0.993603411513859
29691	+	5385	82	161	0.95682302771855	0.971393034825871
29791	+	5012	33	583	0.890547263681592	0.896410803127221
29792	+	5010	20	598	0.890191897654584	0.893745557924662
29850	+	1288	76	4264	0.228855721393035	0.242359630419332
29851	+	1249	84	4295	0.221926083866382	0.236851457000711
29852	+	984	316	4328	0.174840085287846	0.230987917555082
29853	+	898	136	4594	0.15955934612651	0.183724235963042
29854	+	883	65	4680	0.156894100923952	0.168443496801706
29855	+	862	72	4694	0.15316275764037	0.165955934612651
29856	+	838	74	4716	0.148898365316276	0.162046908315565
29857	+	792	95	4741	0.140724946695096	0.157604832977967
29858	+	769	74	4785	0.136638237384506	0.149786780383795
29859	+	754	67	4807	0.133972992181947	0.145877754086709
29860	+	739	67	4822	0.131307746979389	0.143212508884151
29861	+	665	128	4835	0.1181592039801	0.1409026297086
29862	+	661	61	4906	0.117448471926084	0.128287135749822
29863	+	650	66	4912	0.115493958777541	0.127221037668799
29864	+	440	262	4926	0.07818052594172	0.124733475479744
29865	+	432	62	5134	0.0767590618336887	0.0877754086709311
29866	+	438	56	5134	0.0778251599147122	0.0877754086709311
29867	+	434	67	5127	0.0771144278606965	0.0890191897654584
29868	+	437	130	5061	0.0776474769012082	0.100746268656716
29869	+	525	283	4820	0.0932835820895522	0.143567874911158
29870	+	748	332	4548	0.132906894100924	0.191897654584222
29871	+	1045	50	4533	0.185678749111585	0.19456289978678
29872	+	1035	46	4547	0.183901918976546	0.192075337597726
29873	+	1023	35	4570	0.181769722814499	0.187988628287136
29874	+	1006	32	4590	0.178749111584932	0.184434968017058
29875	+	990	28	4610	0.17590618336887	0.180881307746979
29876	+	982	18	4628	0.174484719260839	0.177683013503909
29877	+	973	18	4637	0.172885572139303	0.176083866382374
29878	+	958	23	4647	0.170220326936745	0.174307036247335
29879	+	953	11	4664	0.169331911869225	0.171286425017768
29880	+	935	31	4662	0.166133617626155	0.171641791044776
13	-	1612	126	3890	0.286425017768301	0.308813077469794
45	-	3953	21	1654	0.702380952380952	0.706112295664534
80	-	5327	6	295	0.946517412935323	0.947583511016347
204	-	5486	19	123	0.974769012082445	0.978144989339019
242	-	5494	6	128	0.976190476190476	0.9772565742715
290	-	5579	0	49	0.991293532338308	0.991293532338308
320	-	5588	12	28	0.992892679459844	0.995024875621891
328	-	5591	9	28	0.993425728500355	0.995024875621891
329	-	5590	10	28	0.993248045486851	0.995024875621891
360	-	5584	22	22	0.992181947405828	0.996090973702914
448	-	5615	3	10	0.997690120824449	0.998223169864961
449	-	5615	3	10	0.997690120824449	0.998223169864961
696	-	5620	6	2	0.998578535891969	0.999644633972992
737	-	5623	4	1	0.99911158493248	0.999822316986496
738	-	5623	4	1	0.99911158493248	0.999822316986496
911	-	5618	10	0	0.998223169864961	1
930	-	5618	8	2	0.998223169864961	0.999644633972992
1031	-	5592	6	30	0.993603411513859	0.994669509594883
1032	-	5592	6	30	0.993603411513859	0.994669509594883
1056	-	4650	939	39	0.826226012793177	0.993070362473348
1085	-	5576	11	41	0.990760483297797	0.99271499644634
1086	-	5576	9	43	0.990760483297797	0.992359630419332
1092	-	5576	7	45	0.990760483297797	0.992004264392324
1155	-	5582	3	43	0.99182658137882	0.992359630419332
1219	-	5577	7	44	0.990938166311301	0.992181947405828
1274	-	5620	5	3	0.998578535891969	0.999466950959488
1275	-	5620	5	3	0.998578535891969	0.999466950959488
1296	-	5615	11	2	0.997690120824449	0.999644633972992
1297	-	5615	11	2	0.997690120824449	0.999644633972992
1313	-	5604	22	2	0.995735607675906	0.999644633972992
1372	-	5621	5	2	0.998756218905473	0.999644633972992
1485	-	5621	6	1	0.998756218905473	0.999822316986496
1668	-	5622	5	1	0.998933901918977	0.999822316986496
1696	-	5619	6	3	0.998400852878465	0.999466950959488
1697	-	5619	6	3	0.998400852878465	0.999466950959488
1706	-	5617	10	1	0.998045486851457	0.999822316986496
1707	-	5616	11	1	0.997867803837953	0.999822316986496
1708	-	5618	9	1	0.998223169864961	0.999822316986496
1727	-	5619	7	2	0.998400852878465	0.999644633972992
1728	-	5619	7	2	0.998400852878465	0.999644633972992
1748	-	5625	3	0	0.999466950959488	1
1793	-	5624	2	2	0.999289267945984	0.999644633972992
1794	-	5624	2	2	0.999289267945984	0.999644633972992
1867	-	5620	7	1	0.998578535891969	0.999822316986496
1875	-	5618	9	1	0.998223169864961	0.999822316986496
1909	-	5596	29	3	0.994314143567875	0.999466950959488
1910	-	5592	33	3	0.993603411513859	0.999466950959488
1951	-	5622	3	3	0.998933901918977	0.999466950959488
1952	-	5622	3	3	0.998933901918977	0.999466950959488
1987	-	5621	6	1	0.998756218905473	0.999822316986496
2036	-	5622	2	4	0.998933901918977	0.999289267945984
2118	-	5622	3	3	0.998933901918977	0.999466950959488
2128	-	5617	7	4	0.998045486851457	0.999289267945984
2172	-	5620	2	6	0.998578535891969	0.998933901918977
2190	-	5616	3	9	0.997867803837953	0.998400852878465
2220	-	5605	6	17	0.99591329068941	0.996979388770434
2304	-	5535	8	85	0.983475479744137	0.984896943852168
2322	-	5536	8	84	0.98365316275764	0.985074626865672
2323	-	5536	8	84	0.98365316275764	0.985074626865672
2324	-	5539	5	84	0.984186211798152	0.985074626865672
2330	-	5540	3	85	0.984363894811656	0.984896943852168
2381	-	5524	4	100	0.981520966595594	0.982231698649609
2394	-	5525	4	99	0.981698649609097	0.982409381663113
2555	-	5225	310	93	0.928393745557925	0.983475479744137
2617	-	5546	7	75	0.985429992892679	0.986673773987207
2741	-	5565	2	61	0.988805970149254	0.989161336176262
2742	-	5565	2	61	0.988805970149254	0.989161336176262
2795	-	5561	4	63	0.988095238095238	0.988805970149254
2796	-	5561	4	63	0.988095238095238	0.988805970149254
2915	-	5623	5	0	0.99911158493248	1
2957	-	5620	7	1	0.998578535891969	0.999822316986496
2991	-	5622	5	1	0.998933901918977	0.999822316986496
3009	-	5616	11	1	0.997867803837953	0.999822316986496
3038	-	5619	8	1	0.998400852878465	0.999822316986496
3090	-	5614	12	2	0.997512437810945	0.999644633972992
3146	-	5623	3	2	0.99911158493248	0.999644633972992
3153	-	5615	10	3	0.997690120824449	0.999466950959488
3350	-	5625	2	1	0.999466950959488	0.999822316986496
3351	-	5626	1	1	0.999644633972992	0.999822316986496
3362	-	5596	31	1	0.994314143567875	0.999822316986496
3457	-	5619	8	1	0.998400852878465	0.999822316986496
3580	-	5616	7	5	0.997867803837953	0.99911158493248
3581	-	5616	8	4	0.997867803837953	0.999289267945984
3680	-	5616	4	8	0.997867803837953	0.998578535891969
3681	-	5616	3	9	0.997867803837953	0.998400852878465
3727	-	5604	13	11	0.995735607675906	0.998045486851457
3728	-	5604	13	11	0.995735607675906	0.998045486851457
3729	-	5606	11	11	0.996090973702914	0.998045486851457
3752	-	5613	6	9	0.997334754797441	0.998400852878465
3760	-	5608	8	12	0.996446339729922	0.997867803837953
3801	-	5624	0	4	0.999289267945984	0.999289267945984
3829	-	5618	7	3	0.998223169864961	0.999466950959488
3837	-	5621	3	4	0.998756218905473	0.999289267945984
3838	-	5621	3	4	0.998756218905473	0.999289267945984
3839	-	5622	2	4	0.998933901918977	0.999289267945984
3909	-	5620	2	6	0.998578535891969	0.998933901918977
4033	-	5604	19	5	0.995735607675906	0.99911158493248
4100	-	5617	9	2	0.998045486851457	0.999644633972992
4153	-	5622	5	1	0.998933901918977	0.999822316986496
4154	-	5622	5	1	0.998933901918977	0.999822316986496
4217	-	5618	7	3	0.998223169864961	0.999466950959488
4268	-	5617	7	4	0.998045486851457	0.999289267945984
4326	-	5626	0	2	0.999644633972992	0.999644633972992
4327	-	5626	0	2	0.999644633972992	0.999644633972992
4381	-	5623	5	0	0.99911158493248	1
4391	-	5608	19	1	0.996446339729922	0.999822316986496
4465	-	5616	3	9	0.997867803837953	0.998400852878465
4533	-	5605	12	11	0.99591329068941	0.998045486851457
4534	-	5605	13	10	0.99591329068941	0.998223169864961
4539	-	5606	12	10	0.996090973702914	0.998223169864961
4540	-	5606	12	10	0.996090973702914	0.998223169864961
4643	-	5614	6	8	0.997512437810945	0.998578535891969
4693	-	5617	3	8	0.998045486851457	0.998578535891969
4699	-	5616	4	8	0.997867803837953	0.998578535891969
4769	-	5618	2	8	0.998223169864961	0.998578535891969
4770	-	5618	2	8	0.998223169864961	0.998578535891969
4848	-	5619	2	7	0.998400852878465	0.998756218905473
4926	-	5620	1	7	0.998578535891969	0.998756218905473
4948	-	5618	4	6	0.998223169864961	0.998933901918977
4952	-	5618	4	6	0.998223169864961	0.998933901918977
4980	-	5618	6	4	0.998223169864961	0.999289267945984
5049	-	5603	21	4	0.995557924662402	0.999289267945984
5063	-	5620	1	7	0.998578535891969	0.998756218905473
5121	-	5619	2	7	0.998400852878465	0.998756218905473
5122	-	5619	2	7	0.998400852878465	0.998756218905473
5128	-	5576	46	6	0.990760483297797	0.998933901918977
5129	-	5576	47	5	0.990760483297797	0.99911158493248
5162	-	5620	3	5	0.998578535891969	0.99911158493248
5163	-	5620	2	6	0.998578535891969	0.998933901918977
5192	-	5617	5	6	0.998045486851457	0.998933901918977
5193	-	5618	3	7	0.998223169864961	0.998756218905473
5258	-	5622	3	3	0.998933901918977	0.999466950959488
5337	-	5604	8	16	0.995735607675906	0.997157071783937
5397	-	5612	6	10	0.997157071783937	0.998223169864961
5398	-	5613	5	10	0.997334754797441	0.998223169864961
5475	-	5609	9	10	0.996624022743426	0.998223169864961
5489	-	5604	14	10	0.995735607675906	0.998223169864961
5590	-	5625	2	1	0.999466950959488	0.999822316986496
5604	-	5624	3	1	0.999289267945984	0.999822316986496
5678	-	5624	4	0	0.999289267945984	1
5679	-	5624	4	0	0.999289267945984	1
5730	-	5616	8	4	0.997867803837953	0.999289267945984
5801	-	5626	2	0	0.999644633972992	1
5822	-	5617	6	5	0.998045486851457	0.99911158493248
5866	-	5611	10	7	0.996979388770434	0.998756218905473
5867	-	5609	12	7	0.996624022743426	0.998756218905473
5932	-	5620	4	4	0.998578535891969	0.999289267945984
5987	-	5621	1	6	0.998756218905473	0.998933901918977
6050	-	5620	4	4	0.998578535891969	0.999289267945984
6051	-	5618	6	4	0.998223169864961	0.999289267945984
6057	-	5620	2	6	0.998578535891969	0.998933901918977
6078	-	5621	4	3	0.998756218905473	0.999466950959488
6089	-	5624	2	2	0.999289267945984	0.999644633972992
6144	-	5621	7	0	0.998756218905473	1
6145	-	5620	8	0	0.998578535891969	1
6146	-	5622	5	1	0.998933901918977	0.999822316986496
6203	-	5625	2	1	0.999466950959488	0.999822316986496
6204	-	5625	2	1	0.999466950959488	0.999822316986496
6241	-	5619	8	1	0.998400852878465	0.999822316986496
6307	-	5574	40	14	0.990405117270789	0.997512437810945
6342	-	5599	7	22	0.994847192608387	0.996090973702914
6518	-	5603	8	17	0.995557924662402	0.996979388770434
6623	-	5603	17	8	0.995557924662402	0.998578535891969
6647	-	5604	13	11	0.995735607675906	0.998045486851457
6701	-	5606	6	16	0.996090973702914	0.997157071783937
6702	-	5607	6	15	0.996268656716418	0.997334754797441
6749	-	5610	4	14	0.99680170575693	0.997512437810945
6760	-	5608	3	17	0.996446339729922	0.996979388770434
6782	-	5608	2	18	0.996446339729922	0.99680170575693
6786	-	5610	3	15	0.99680170575693	0.997334754797441
6791	-	5612	1	15	0.997157071783937	0.997334754797441
6812	-	5599	10	19	0.994847192608387	0.996624022743426
6813	-	5599	10	19	0.994847192608387	0.996624022743426
6894	-	5536	8	84	0.98365316275764	0.985074626865672
6895	-	5534	10	84	0.983297796730633	0.985074626865672
6912	-	5533	4	91	0.983120113717129	0.983830845771144
6920	-	5533	4	91	0.983120113717129	0.983830845771144
6935	-	5527	5	96	0.982054015636105	0.982942430703625
6936	-	5527	6	95	0.982054015636105	0.983120113717129
6937	-	5527	6	95	0.982054015636105	0.983120113717129
6961	-	5538	4	86	0.984008528784648	0.984719260838664
6966	-	5544	6	78	0.985074626865672	0.986140724946695
6967	-	5547	8	73	0.985607675906183	0.987029140014215
6968	-	5552	3	73	0.986496090973703	0.987029140014215
6982	-	5548	24	56	0.985785358919687	0.990049751243781
6995	-	5536	41	51	0.98365316275764	0.990938166311301
7016	-	5579	4	45	0.991293532338308	0.992004264392324
7024	-	5577	6	45	0.990938166311301	0.992004264392324
7025	-	5577	6	45	0.990938166311301	0.992004264392324
7037	-	5601	3	24	0.995202558635394	0.995735607675906
7079	-	5612	14	2	0.997157071783937	0.999644633972992
7138	-	5623	4	1	0.99911158493248	0.999822316986496
7151	-	5616	10	2	0.997867803837953	0.999644633972992
7160	-	5614	12	2	0.997512437810945	0.999644633972992
7178	-	5622	1	5	0.998933901918977	0.99911158493248
7201	-	5622	1	5	0.998933901918977	0.99911158493248
7208	-	5616	7	5	0.997867803837953	0.99911158493248
7209	-	5615	8	5	0.997690120824449	0.99911158493248
7220	-	5615	9	4	0.997690120824449	0.999289267945984
7229	-	5620	5	3	0.998578535891969	0.999466950959488
7230	-	5621	4	3	0.998756218905473	0.999466950959488
7251	-	5616	7	5	0.997867803837953	0.99911158493248
7252	-	5616	5	7	0.997867803837953	0.998756218905473
7253	-	5617	4	7	0.998045486851457	0.998756218905473
7267	-	5614	7	7	0.997512437810945	0.998756218905473
7268	-	5614	8	6	0.997512437810945	0.998933901918977
7278	-	5617	7	4	0.998045486851457	0.999289267945984
7279	-	5617	7	4	0.998045486851457	0.999289267945984
7280	-	5620	4	4	0.998578535891969	0.999289267945984
7317	-	5617	5	6	0.998045486851457	0.998933901918977
7318	-	5617	5	6	0.998045486851457	0.998933901918977
7319	-	5617	6	5	0.998045486851457	0.99911158493248
7328	-	5619	4	5	0.998400852878465	0.99911158493248
7329	-	5619	5	4	0.998400852878465	0.999289267945984
7340	-	5624	0	4	0.999289267945984	0.999289267945984
7341	-	5624	1	3	0.999289267945984	0.999466950959488
7399	-	5624	2	2	0.999289267945984	0.999644633972992
7428	-	5609	17	2	0.996624022743426	0.999644633972992
7437	-	5613	15	0	0.997334754797441	1
7438	-	5613	15	0	0.997334754797441	1
7569	-	5625	3	0	0.999466950959488	1
7570	-	5625	3	0	0.999466950959488	1
7599	-	5625	1	2	0.999466950959488	0.999644633972992
7600	-	5625	1	2	0.999466950959488	0.999644633972992
7659	-	5623	2	3	0.99911158493248	0.999466950959488
7698	-	5620	3	5	0.998578535891969	0.99911158493248
7777	-	5620	3	5	0.998578535891969	0.99911158493248
7782	-	5616	6	6	0.997867803837953	0.998933901918977
7829	-	5615	4	9	0.997690120824449	0.998400852878465
7830	-	5616	3	9	0.997867803837953	0.998400852878465
7894	-	5623	1	4	0.99911158493248	0.999289267945984
7895	-	5623	1	4	0.99911158493248	0.999289267945984
7896	-	5623	1	4	0.99911158493248	0.999289267945984
7945	-	5617	6	5	0.998045486851457	0.99911158493248
8040	-	5623	2	3	0.99911158493248	0.999466950959488
8061	-	5606	19	3	0.996090973702914	0.999466950959488
8062	-	5606	19	3	0.996090973702914	0.999466950959488
8072	-	5603	22	3	0.995557924662402	0.999466950959488
8073	-	5608	16	4	0.996446339729922	0.999289267945984
8165	-	5618	5	5	0.998223169864961	0.99911158493248
8166	-	5618	5	5	0.998223169864961	0.99911158493248
8170	-	5618	5	5	0.998223169864961	0.99911158493248
8190	-	5620	6	2	0.998578535891969	0.999644633972992
8399	-	5623	2	3	0.99911158493248	0.999466950959488
8420	-	5621	5	2	0.998756218905473	0.999644633972992
8486	-	5626	1	1	0.999644633972992	0.999822316986496
8487	-	5626	1	1	0.999644633972992	0.999822316986496
8611	-	5621	4	3	0.998756218905473	0.999466950959488
8612	-	5621	4	3	0.998756218905473	0.999466950959488
8613	-	5621	4	3	0.998756218905473	0.999466950959488
8626	-	5622	4	2	0.998933901918977	0.999644633972992
8627	-	5624	2	2	0.999289267945984	0.999644633972992
8633	-	5623	4	1	0.99911158493248	0.999822316986496
8673	-	5620	4	4	0.998578535891969	0.999289267945984
8674	-	5620	4	4	0.998578535891969	0.999289267945984
8747	-	5621	5	2	0.998756218905473	0.999644633972992
8748	-	5610	16	2	0.99680170575693	0.999644633972992
8768	-	4721	904	3	0.838841506751954	0.999466950959488
8769	-	4721	905	2	0.838841506751954	0.999644633972992
8781	-	4719	907	2	0.838486140724947	0.999644633972992
8858	-	5620	3	5	0.998578535891969	0.99911158493248
8859	-	5620	3	5	0.998578535891969	0.99911158493248
8873	-	5616	8	4	0.997867803837953	0.999289267945984
8910	-	5615	12	1	0.997690120824449	0.999822316986496
8911	-	5615	12	1	0.997690120824449	0.999822316986496
8912	-	5616	11	1	0.997867803837953	0.999822316986496
8918	-	5625	2	1	0.999466950959488	0.999822316986496
8932	-	5623	4	1	0.99911158493248	0.999822316986496
8933	-	5623	5	0	0.99911158493248	1
8934	-	5622	5	1	0.998933901918977	0.999822316986496
8991	-	5624	2	2	0.999289267945984	0.999644633972992
9010	-	5623	4	1	0.99911158493248	0.999822316986496
9011	-	5623	5	0	0.99911158493248	1
9031	-	5623	3	2	0.99911158493248	0.999644633972992
9032	-	5623	3	2	0.99911158493248	0.999644633972992
9033	-	5623	3	2	0.99911158493248	0.999644633972992
9110	-	5617	8	3	0.998045486851457	0.999466950959488
9159	-	5612	14	2	0.997157071783937	0.999644633972992
9203	-	5623	2	3	0.99911158493248	0.999466950959488
9204	-	5583	42	3	0.992004264392324	0.999466950959488
9256	-	5620	4	4	0.998578535891969	0.999289267945984
9308	-	5610	7	11	0.99680170575693	0.998045486851457
9319	-	5608	10	10	0.996446339729922	0.998223169864961
9320	-	5613	6	9	0.997334754797441	0.998400852878465
9344	-	5615	4	9	0.997690120824449	0.998400852878465
9360	-	5614	5	9	0.997512437810945	0.998400852878465
9389	-	5616	2	10	0.997867803837953	0.998223169864961
9458	-	5535	83	10	0.983475479744137	0.998223169864961
9459	-	5535	83	10	0.983475479744137	0.998223169864961
9468	-	5525	93	10	0.981698649609097	0.998223169864961
9479	-	5615	12	1	0.997690120824449	0.999822316986496
9480	-	5623	4	1	0.99911158493248	0.999822316986496
9507	-	5614	13	1	0.997512437810945	0.999822316986496
9515	-	5619	8	1	0.998400852878465	0.999822316986496
9548	-	5618	5	5	0.998223169864961	0.99911158493248
9559	-	5617	5	6	0.998045486851457	0.998933901918977
9580	-	5624	3	1	0.999289267945984	0.999822316986496
9592	-	5623	3	2	0.99911158493248	0.999644633972992
9609	-	5623	2	3	0.99911158493248	0.999466950959488
9610	-	5623	2	3	0.99911158493248	0.999466950959488
9628	-	5611	11	6	0.996979388770434	0.998933901918977
9632	-	5609	12	7	0.996624022743426	0.998756218905473
9633	-	5609	11	8	0.996624022743426	0.998578535891969
9634	-	5608	12	8	0.996446339729922	0.998578535891969
9635	-	5613	6	9	0.997334754797441	0.998400852878465
9671	-	5619	1	8	0.998400852878465	0.998578535891969
9680	-	5618	3	7	0.998223169864961	0.998756218905473
9706	-	5621	4	3	0.998756218905473	0.999466950959488
9712	-	5622	2	4	0.998933901918977	0.999289267945984
9725	-	5617	5	6	0.998045486851457	0.998933901918977
9738	-	5620	2	6	0.998578535891969	0.998933901918977
9768	-	5626	1	1	0.999644633972992	0.999822316986496
9778	-	5626	0	2	0.999644633972992	0.999644633972992
9783	-	5625	1	2	0.999466950959488	0.999644633972992
9791	-	5619	5	4	0.998400852878465	0.999289267945984
9792	-	5619	5	4	0.998400852878465	0.999289267945984
9816	-	5626	1	1	0.999644633972992	0.999822316986496
9817	-	5625	2	1	0.999466950959488	0.999822316986496
9818	-	5626	2	0	0.999644633972992	1
9898	-	5626	1	1	0.999644633972992	0.999822316986496
9917	-	5616	11	1	0.997867803837953	0.999822316986496
9918	-	5616	11	1	0.997867803837953	0.999822316986496
10015	-	5620	7	1	0.998578535891969	0.999822316986496
10051	-	5626	1	1	0.999644633972992	0.999822316986496
10052	-	5627	0	1	0.999822316986496	0.999822316986496
10064	-	5623	4	1	0.99911158493248	0.999822316986496
10065	-	5622	5	1	0.998933901918977	0.999822316986496
10147	-	5621	5	2	0.998756218905473	0.999644633972992
10165	-	5625	2	1	0.999466950959488	0.999822316986496
10226	-	5617	8	3	0.998045486851457	0.999466950959488
10253	-	5613	13	2	0.997334754797441	0.999644633972992
10365	-	5615	11	2	0.997690120824449	0.999644633972992
10391	-	5625	2	1	0.999466950959488	0.999822316986496
10392	-	5625	2	1	0.999466950959488	0.999822316986496
10393	-	5625	2	1	0.999466950959488	0.999822316986496
10432	-	5606	19	3	0.996090973702914	0.999466950959488
10457	-	5625	2	1	0.999466950959488	0.999822316986496
10505	-	5616	11	1	0.997867803837953	0.999822316986496
10506	-	5616	11	1	0.997867803837953	0.999822316986496
10532	-	5626	0	2	0.999644633972992	0.999644633972992
10533	-	5626	0	2	0.999644633972992	0.999644633972992
10534	-	5626	0	2	0.999644633972992	0.999644633972992
10599	-	5613	14	1	0.997334754797441	0.999822316986496
10600	-	5613	14	1	0.997334754797441	0.999822316986496
10610	-	5612	16	0	0.997157071783937	1
10611	-	5611	17	0	0.996979388770434	1
10669	-	5625	3	0	0.999466950959488	1
10670	-	5625	3	0	0.999466950959488	1
10713	-	5625	3	0	0.999466950959488	1
10725	-	5619	9	0	0.998400852878465	1
10746	-	5623	5	0	0.99911158493248	1
10816	-	5613	12	3	0.997334754797441	0.999466950959488
10840	-	5606	21	1	0.996090973702914	0.999822316986496
10841	-	5606	21	1	0.996090973702914	0.999822316986496
10913	-	5626	2	0	0.999644633972992	1
10929	-	5618	10	0	0.998223169864961	1
10937	-	5617	11	0	0.998045486851457	1
10938	-	5617	11	0	0.998045486851457	1
10970	-	5620	6	2	0.998578535891969	0.999644633972992
11029	-	5624	3	1	0.999289267945984	0.999822316986496
11030	-	5624	4	0	0.999289267945984	1
11041	-	5625	1	2	0.999466950959488	0.999644633972992
11042	-	5625	2	1	0.999466950959488	0.999822316986496
11047	-	5626	0	2	0.999644633972992	0.999644633972992
11048	-	5625	1	2	0.999466950959488	0.999644633972992
11072	-	4671	930	27	0.829957356076759	0.995202558635394
11079	-	4707	918	3	0.8363539445629	0.999466950959488
11080	-	4707	918	3	0.8363539445629	0.999466950959488
11081	-	4707	918	3	0.8363539445629	0.999466950959488
11082	-	4706	919	3	0.836176261549396	0.999466950959488
11083	-	4706	918	4	0.836176261549396	0.999289267945984
11084	-	5619	8	1	0.998400852878465	0.999822316986496
11100	-	5603	24	1	0.995557924662402	0.999822316986496
11101	-	5603	23	2	0.995557924662402	0.999644633972992
11102	-	5605	21	2	0.99591329068941	0.999644633972992
11108	-	5609	18	1	0.996624022743426	0.999822316986496
11109	-	5609	18	1	0.996624022743426	0.999822316986496
11138	-	5624	3	1	0.999289267945984	0.999822316986496
11139	-	5624	3	1	0.999289267945984	0.999822316986496
11151	-	5625	1	2	0.999466950959488	0.999644633972992
11172	-	5619	8	1	0.998400852878465	0.999822316986496
11180	-	5608	20	0	0.996446339729922	1
11184	-	5611	17	0	0.996979388770434	1
11185	-	5611	17	0	0.996979388770434	1
11186	-	5611	17	0	0.996979388770434	1
11216	-	5619	8	1	0.998400852878465	0.999822316986496
11217	-	5619	8	1	0.998400852878465	0.999822316986496
11288	-	5622	5	1	0.998933901918977	0.999822316986496
11297	-	5622	5	1	0.998933901918977	0.999822316986496
11298	-	5622	5	1	0.998933901918977	0.999822316986496
11422	-	5605	23	0	0.99591329068941	1
11431	-	5611	17	0	0.996979388770434	1
11447	-	5623	4	1	0.99911158493248	0.999822316986496
11461	-	5621	6	1	0.998756218905473	0.999822316986496
11526	-	5618	10	0	0.998223169864961	1
11527	-	5618	10	0	0.998223169864961	1
11528	-	5619	9	0	0.998400852878465	1
11545	-	5625	2	1	0.999466950959488	0.999822316986496
11546	-	5625	2	1	0.999466950959488	0.999822316986496
11547	-	5625	2	1	0.999466950959488	0.999822316986496
11572	-	5624	3	1	0.999289267945984	0.999822316986496
11573	-	5625	2	1	0.999466950959488	0.999822316986496
11614	-	5624	3	1	0.999289267945984	0.999822316986496
11621	-	5616	11	1	0.997867803837953	0.999822316986496
11633	-	5616	10	2	0.997867803837953	0.999644633972992
11634	-	5615	11	2	0.997690120824449	0.999644633972992
11635	-	5615	11	2	0.997690120824449	0.999644633972992
11649	-	5620	6	2	0.998578535891969	0.999644633972992
11658	-	5616	10	2	0.997867803837953	0.999644633972992
11659	-	5616	10	2	0.997867803837953	0.999644633972992
11663	-	5611	15	2	0.996979388770434	0.999644633972992
11679	-	5622	6	0	0.998933901918977	1
11698	-	5614	12	2	0.997512437810945	0.999644633972992
11713	-	5624	1	3	0.999289267945984	0.999466950959488
11727	-	5622	3	3	0.998933901918977	0.999466950959488
11893	-	5622	3	3	0.998933901918977	0.999466950959488
11894	-	5622	4	2	0.998933901918977	0.999644633972992
11991	-	5624	3	1	0.999289267945984	0.999822316986496
12004	-	5621	5	2	0.998756218905473	0.999644633972992
12013	-	5621	5	2	0.998756218905473	0.999644633972992
12019	-	5625	0	3	0.999466950959488	0.999466950959488
12020	-	5625	0	3	0.999466950959488	0.999466950959488
12025	-	5624	1	3	0.999289267945984	0.999466950959488
12058	-	5618	9	1	0.998223169864961	0.999822316986496
12111	-	5619	8	1	0.998400852878465	0.999822316986496
12137	-	5617	11	0	0.998045486851457	1
12138	-	5617	11	0	0.998045486851457	1
12218	-	5627	1	0	0.999822316986496	1
12240	-	5622	6	0	0.998933901918977	1
12367	-	5625	3	0	0.999466950959488	1
12368	-	5625	3	0	0.999466950959488	1
12534	-	5614	13	1	0.997512437810945	0.999822316986496
12632	-	5624	4	0	0.999289267945984	1
12659	-	5627	1	0	0.999822316986496	1
12807	-	5621	6	1	0.998756218905473	0.999822316986496
12830	-	5623	4	1	0.99911158493248	0.999822316986496
12839	-	5625	2	1	0.999466950959488	0.999822316986496
12912	-	5626	1	1	0.999644633972992	0.999822316986496
12950	-	5625	2	1	0.999466950959488	0.999822316986496
12957	-	5619	8	1	0.998400852878465	0.999822316986496
13004	-	5592	34	2	0.993603411513859	0.999644633972992
13073	-	5626	2	0	0.999644633972992	1
13082	-	5625	2	1	0.999466950959488	0.999822316986496
13083	-	5625	1	2	0.999466950959488	0.999644633972992
13230	-	5627	1	0	0.999822316986496	1
13293	-	5627	0	1	0.999822316986496	0.999822316986496
13294	-	5627	0	1	0.999822316986496	0.999822316986496
13355	-	5625	1	2	0.999466950959488	0.999644633972992
13356	-	5625	1	2	0.999466950959488	0.999644633972992
13464	-	5621	1	6	0.998756218905473	0.998933901918977
13465	-	5621	1	6	0.998756218905473	0.998933901918977
13466	-	5621	1	6	0.998756218905473	0.998933901918977
13476	-	5620	3	5	0.998578535891969	0.99911158493248
13546	-	5606	6	16	0.996090973702914	0.997157071783937
13547	-	5606	6	16	0.996090973702914	0.997157071783937
13576	-	5606	4	18	0.996090973702914	0.99680170575693
13577	-	5606	4	18	0.996090973702914	0.99680170575693
13636	-	5621	3	4	0.998756218905473	0.999289267945984
13652	-	5619	4	5	0.998400852878465	0.99911158493248
13672	-	5618	3	7	0.998223169864961	0.998756218905473
13701	-	5624	3	1	0.999289267945984	0.999822316986496
13708	-	5624	4	0	0.999289267945984	1
13748	-	5626	2	0	0.999644633972992	1
13754	-	5627	1	0	0.999822316986496	1
13834	-	5625	1	2	0.999466950959488	0.999644633972992
13843	-	5615	11	2	0.997690120824449	0.999644633972992
13844	-	5615	11	2	0.997690120824449	0.999644633972992
13912	-	5603	24	1	0.995557924662402	0.999822316986496
13936	-	5613	15	0	0.997334754797441	1
13937	-	5613	15	0	0.997334754797441	1
13999	-	5626	1	1	0.999644633972992	0.999822316986496
14098	-	5625	3	0	0.999466950959488	1
14107	-	5621	6	1	0.998756218905473	0.999822316986496
14194	-	5625	3	0	0.999466950959488	1
14251	-	5621	6	1	0.998756218905473	0.999822316986496
14291	-	5626	1	1	0.999644633972992	0.999822316986496
14302	-	5624	3	1	0.999289267945984	0.999822316986496
14303	-	5622	5	1	0.998933901918977	0.999822316986496
14347	-	5625	2	1	0.999466950959488	0.999822316986496
14381	-	5621	6	1	0.998756218905473	0.999822316986496
14388	-	5621	6	1	0.998756218905473	0.999822316986496
14389	-	2267	3355	6	0.402807391613362	0.998933901918977
14419	-	5624	2	2	0.999289267945984	0.999644633972992
14420	-	5624	2	2	0.999289267945984	0.999644633972992
14444	-	5627	1	0	0.999822316986496	1
14462	-	5627	0	1	0.999822316986496	0.999822316986496
14469	-	5623	3	2	0.99911158493248	0.999644633972992
14545	-	5626	2	0	0.999644633972992	1
14546	-	5626	2	0	0.999644633972992	1
14630	-	5622	3	3	0.998933901918977	0.999466950959488
14631	-	5622	3	3	0.998933901918977	0.999466950959488
14662	-	5624	2	2	0.999289267945984	0.999644633972992
14663	-	5624	2	2	0.999289267945984	0.999644633972992
14686	-	5624	1	3	0.999289267945984	0.999466950959488
14687	-	5624	1	3	0.999289267945984	0.999466950959488
14708	-	5600	26	2	0.995024875621891	0.999644633972992
14725	-	5616	10	2	0.997867803837953	0.999644633972992
14729	-	5613	12	3	0.997334754797441	0.999466950959488
14768	-	5563	63	2	0.988450604122246	0.999644633972992
14855	-	5622	1	5	0.998933901918977	0.99911158493248
14882	-	5622	3	3	0.998933901918977	0.999466950959488
14953	-	5624	3	1	0.999289267945984	0.999822316986496
14954	-	5625	2	1	0.999466950959488	0.999822316986496
14960	-	5625	1	2	0.999466950959488	0.999644633972992
14985	-	5622	2	4	0.998933901918977	0.999289267945984
15024	-	5620	4	4	0.998578535891969	0.999289267945984
15025	-	5623	1	4	0.99911158493248	0.999289267945984
15155	-	5621	2	5	0.998756218905473	0.99911158493248
15258	-	5609	17	2	0.996624022743426	0.999644633972992
15397	-	5624	4	0	0.999289267945984	1
15522	-	5602	26	0	0.995380241648898	1
15523	-	5602	26	0	0.995380241648898	1
15524	-	5600	27	1	0.995024875621891	0.999822316986496
15531	-	5599	28	1	0.994847192608387	0.999822316986496
15564	-	5624	4	0	0.999289267945984	1
15565	-	5624	4	0	0.999289267945984	1
15610	-	5626	2	0	0.999644633972992	1
15624	-	5627	1	0	0.999822316986496	1
15665	-	5624	4	0	0.999289267945984	1
15677	-	5626	1	1	0.999644633972992	0.999822316986496
15678	-	5626	1	1	0.999644633972992	0.999822316986496
15688	-	5627	1	0	0.999822316986496	1
15700	-	5626	2	0	0.999644633972992	1
15739	-	5624	3	1	0.999289267945984	0.999822316986496
15788	-	5625	2	1	0.999466950959488	0.999822316986496
15801	-	5624	2	2	0.999289267945984	0.999644633972992
15819	-	5627	0	1	0.999822316986496	0.999822316986496
15820	-	5627	0	1	0.999822316986496	0.999822316986496
15821	-	5627	0	1	0.999822316986496	0.999822316986496
15878	-	5626	2	0	0.999644633972992	1
15879	-	5625	3	0	0.999466950959488	1
15970	-	5623	4	1	0.99911158493248	0.999822316986496
15971	-	5623	4	1	0.99911158493248	0.999822316986496
16027	-	5627	1	0	0.999822316986496	1
16085	-	5626	2	0	0.999644633972992	1
16090	-	5627	1	0	0.999822316986496	1
16202	-	5624	2	2	0.999289267945984	0.999644633972992
16203	-	5623	3	2	0.99911158493248	0.999644633972992
16260	-	5617	11	0	0.998045486851457	1
16386	-	5622	5	1	0.998933901918977	0.999822316986496
16428	-	5623	5	0	0.99911158493248	1
16480	-	5623	3	2	0.99911158493248	0.999644633972992
16481	-	5623	2	3	0.99911158493248	0.999466950959488
16506	-	5614	8	6	0.997512437810945	0.998933901918977
16507	-	5614	8	6	0.997512437810945	0.998933901918977
16508	-	5614	8	6	0.997512437810945	0.998933901918977
16513	-	5615	7	6	0.997690120824449	0.998933901918977
16556	-	5616	3	9	0.997867803837953	0.998400852878465
16602	-	5619	0	9	0.998400852878465	0.998400852878465
16603	-	5619	1	8	0.998400852878465	0.998578535891969
16635	-	5615	4	9	0.997690120824449	0.998400852878465
16636	-	5616	3	9	0.997867803837953	0.998400852878465
16637	-	5616	3	9	0.997867803837953	0.998400852878465
16673	-	5618	1	9	0.998223169864961	0.998400852878465
16734	-	5616	3	9	0.997867803837953	0.998400852878465
16784	-	5627	1	0	0.999822316986496	1
16838	-	5619	9	0	0.998400852878465	1
16869	-	5604	23	1	0.995735607675906	0.999822316986496
16912	-	5616	11	1	0.997867803837953	0.999822316986496
16913	-	5626	1	1	0.999644633972992	0.999822316986496
17024	-	5625	2	1	0.999466950959488	0.999822316986496
17025	-	5625	2	1	0.999466950959488	0.999822316986496
17110	-	5609	19	0	0.996624022743426	1
17111	-	5609	19	0	0.996624022743426	1
17212	-	5625	2	1	0.999466950959488	0.999822316986496
17266	-	5619	9	0	0.998400852878465	1
17267	-	5619	9	0	0.998400852878465	1
17309	-	5623	4	1	0.99911158493248	0.999822316986496
17310	-	5623	4	1	0.99911158493248	0.999822316986496
17357	-	5614	13	1	0.997512437810945	0.999822316986496
17367	-	5615	12	1	0.997690120824449	0.999822316986496
17389	-	5625	2	1	0.999466950959488	0.999822316986496
17503	-	5625	3	0	0.999466950959488	1
17602	-	5610	3	15	0.99680170575693	0.997334754797441
17607	-	5609	4	15	0.996624022743426	0.997334754797441
17654	-	5604	11	13	0.995735607675906	0.997690120824449
17663	-	5604	9	15	0.995735607675906	0.997334754797441
17664	-	5604	9	15	0.995735607675906	0.997334754797441
17691	-	5614	0	14	0.997512437810945	0.997512437810945
17771	-	5611	9	8	0.996979388770434	0.998578535891969
17775	-	5613	9	6	0.997334754797441	0.998933901918977
17814	-	5626	2	0	0.999644633972992	1
17815	-	5626	2	0	0.999644633972992	1
17921	-	5626	1	1	0.999644633972992	0.999822316986496
17958	-	5623	5	0	0.99911158493248	1
17982	-	5626	2	0	0.999644633972992	1
17999	-	5627	1	0	0.999822316986496	1
18037	-	5626	1	1	0.999644633972992	0.999822316986496
18065	-	5622	3	3	0.998933901918977	0.999466950959488
18154	-	5621	6	1	0.998756218905473	0.999822316986496
18220	-	5625	3	0	0.999466950959488	1
18221	-	5625	3	0	0.999466950959488	1
18260	-	5623	3	2	0.99911158493248	0.999644633972992
18355	-	5624	2	2	0.999289267945984	0.999644633972992
18361	-	5624	2	2	0.999289267945984	0.999644633972992
18373	-	5625	1	2	0.999466950959488	0.999644633972992
18374	-	5625	1	2	0.999466950959488	0.999644633972992
18375	-	5624	2	2	0.999289267945984	0.999644633972992
18439	-	5623	3	2	0.99911158493248	0.999644633972992
18440	-	5623	4	1	0.99911158493248	0.999822316986496
18441	-	5623	4	1	0.99911158493248	0.999822316986496
18479	-	5616	9	3	0.997867803837953	0.999466950959488
18590	-	5622	3	3	0.998933901918977	0.999466950959488
18611	-	5622	4	2	0.998933901918977	0.999644633972992
18634	-	5614	13	1	0.997512437810945	0.999822316986496
18635	-	5614	13	1	0.997512437810945	0.999822316986496
18692	-	5621	5	2	0.998756218905473	0.999644633972992
18693	-	5621	5	2	0.998756218905473	0.999644633972992
18740	-	5605	21	2	0.99591329068941	0.999644633972992
18761	-	5621	6	1	0.998756218905473	0.999822316986496
18787	-	5611	15	2	0.996979388770434	0.999644633972992
18788	-	5611	15	2	0.996979388770434	0.999644633972992
18899	-	5621	7	0	0.998756218905473	1
19193	-	5624	3	1	0.999289267945984	0.999822316986496
19194	-	5624	3	1	0.999289267945984	0.999822316986496
19236	-	5625	0	3	0.999466950959488	0.999466950959488
19244	-	5624	1	3	0.999289267945984	0.999466950959488
19297	-	5342	23	263	0.949182658137882	0.953269367448472
19333	-	5329	28	271	0.946872778962331	0.951847903340441
19334	-	5327	27	274	0.946517412935323	0.951314854299929
19348	-	5320	23	285	0.945273631840796	0.949360341151386
19349	-	5321	21	286	0.9454513148543	0.949182658137882
19357	-	5316	16	296	0.94456289978678	0.947405828002843
19373	-	5315	17	296	0.944385216773276	0.947405828002843
19374	-	5313	21	294	0.944029850746269	0.947761194029851
19375	-	5310	20	298	0.943496801705757	0.947050461975835
19477	-	5312	30	286	0.943852167732765	0.949182658137882
19559	-	5312	36	280	0.943852167732765	0.950248756218905
19572	-	5352	11	265	0.950959488272921	0.952914001421464
19583	-	5382	12	234	0.956289978678038	0.958422174840085
19609	-	5425	11	192	0.963930348258706	0.965884861407249
19610	-	5426	12	190	0.96410803127221	0.966240227434257
19627	-	5437	15	176	0.966062544420753	0.968727789623312
19642	-	5430	19	179	0.964818763326226	0.9681947405828
19643	-	5430	23	175	0.964818763326226	0.968905472636816
19667	-	5426	39	163	0.96410803127221	0.971037668798863
19695	-	5455	9	164	0.969260838663824	0.970859985785359
19716	-	5461	14	153	0.970326936744847	0.972814498933902
19751	-	5479	12	137	0.973525230987918	0.975657427149965
19787	-	5487	4	137	0.974946695095949	0.975657427149965
19794	-	5489	5	134	0.975302061122957	0.976190476190476
19846	-	5461	17	150	0.970326936744847	0.973347547974414
19926	-	5535	7	86	0.983475479744137	0.984719260838664
19968	-	5529	9	90	0.982409381663113	0.984008528784648
19988	-	5509	22	97	0.978855721393035	0.982764747690121
19989	-	5503	25	100	0.977789623312011	0.982231698649609
19990	-	5503	19	106	0.977789623312011	0.981165600568586
19991	-	5502	20	106	0.977611940298508	0.981165600568586
20024	-	5492	16	120	0.975835110163468	0.978678038379531
20074	-	5538	8	82	0.984008528784648	0.985429992892679
20204	-	5551	4	73	0.986318407960199	0.987029140014215
20221	-	5557	7	64	0.987384506041222	0.98862828713575
20231	-	5562	9	57	0.988272921108742	0.989872068230277
20260	-	5301	274	53	0.941897654584222	0.990582800284293
20331	-	5580	5	43	0.991471215351812	0.992359630419332
20341	-	5581	6	41	0.991648898365316	0.99271499644634
20342	-	5581	7	40	0.991648898365316	0.992892679459844
20365	-	5588	4	36	0.992892679459844	0.993603411513859
20395	-	5582	7	39	0.99182658137882	0.993070362473348
20396	-	5582	7	39	0.99182658137882	0.993070362473348
20410	-	5583	6	39	0.992004264392324	0.993070362473348
20411	-	5583	7	38	0.992004264392324	0.993248045486851
20425	-	5585	7	36	0.992359630419332	0.993603411513859
20426	-	5585	6	37	0.992359630419332	0.993425728500355
20458	-	5584	3	41	0.992181947405828	0.99271499644634
20512	-	5616	2	10	0.997867803837953	0.998223169864961
20527	-	5614	4	10	0.997512437810945	0.998223169864961
20528	-	5615	2	11	0.997690120824449	0.998045486851457
20554	-	5616	7	5	0.997867803837953	0.99911158493248
20565	-	5562	60	6	0.988272921108742	0.998933901918977
20604	-	5623	1	4	0.99911158493248	0.999289267945984
20609	-	5619	5	4	0.998400852878465	0.999289267945984
20616	-	5619	4	5	0.998400852878465	0.99911158493248
20645	-	5620	5	3	0.998578535891969	0.999466950959488
20646	-	5620	5	3	0.998578535891969	0.999466950959488
20703	-	5615	8	5	0.997690120824449	0.99911158493248
20821	-	5623	3	2	0.99911158493248	0.999644633972992
20869	-	5620	5	3	0.998578535891969	0.999466950959488
20870	-	5620	5	3	0.998578535891969	0.999466950959488
20913	-	5621	4	3	0.998756218905473	0.999466950959488
20914	-	5621	4	3	0.998756218905473	0.999466950959488
20969	-	5627	1	0	0.999822316986496	1
20992	-	5624	4	0	0.999289267945984	1
21106	-	5620	7	1	0.998578535891969	0.999822316986496
21107	-	5620	7	1	0.998578535891969	0.999822316986496
21108	-	5620	7	1	0.998578535891969	0.999822316986496
21109	-	5620	7	1	0.998578535891969	0.999822316986496
21120	-	5613	13	2	0.997334754797441	0.999644633972992
21128	-	5608	14	6	0.996446339729922	0.998933901918977
21201	-	5597	14	17	0.994491826581379	0.996979388770434
21239	-	5597	15	16	0.994491826581379	0.997157071783937
21275	-	5611	4	13	0.996979388770434	0.997690120824449
21276	-	5611	4	13	0.996979388770434	0.997690120824449
21277	-	5611	4	13	0.996979388770434	0.997690120824449
21350	-	5611	6	11	0.996979388770434	0.998045486851457
21351	-	5611	6	11	0.996979388770434	0.998045486851457
21391	-	5611	5	12	0.996979388770434	0.997867803837953
21395	-	5608	5	15	0.996446339729922	0.997334754797441
21410	-	5607	2	19	0.996268656716418	0.996624022743426
21445	-	5549	11	68	0.985963041933191	0.987917555081734
21474	-	5558	4	66	0.987562189054726	0.988272921108742
21475	-	5558	4	66	0.987562189054726	0.988272921108742
21531	-	5555	5	68	0.987029140014215	0.987917555081734
21570	-	5522	57	49	0.981165600568586	0.991293532338308
21574	-	5518	62	48	0.98045486851457	0.991471215351812
21575	-	5519	63	46	0.980632551528074	0.99182658137882
21576	-	5553	29	46	0.986673773987207	0.99182658137882
21583	-	5552	32	44	0.986496090973703	0.992181947405828
21584	-	5552	30	46	0.986496090973703	0.99182658137882
21659	-	5596	4	28	0.994314143567875	0.995024875621891
21673	-	5619	4	5	0.998400852878465	0.99911158493248
21691	-	5604	18	6	0.995735607675906	0.998933901918977
21692	-	5599	22	7	0.994847192608387	0.998756218905473
21706	-	5593	30	5	0.993781094527363	0.99911158493248
21707	-	5594	30	4	0.993958777540867	0.999289267945984
21737	-	5605	14	9	0.99591329068941	0.998400852878465
21741	-	5606	5	17	0.996090973702914	0.996979388770434
21742	-	5606	5	17	0.996090973702914	0.996979388770434
21801	-	5623	2	3	0.99911158493248	0.999466950959488
21822	-	5622	3	3	0.998933901918977	0.999466950959488
21835	-	5622	4	2	0.998933901918977	0.999644633972992
21839	-	5618	8	2	0.998223169864961	0.999644633972992
21840	-	5615	11	2	0.997690120824449	0.999644633972992
21880	-	5623	3	2	0.99911158493248	0.999644633972992
21881	-	5623	3	2	0.99911158493248	0.999644633972992
21882	-	5623	3	2	0.99911158493248	0.999644633972992
21893	-	5621	6	1	0.998756218905473	0.999822316986496
21963	-	5613	7	8	0.997334754797441	0.998578535891969
21969	-	5611	8	9	0.996979388770434	0.998400852878465
21970	-	5611	9	8	0.996979388770434	0.998578535891969
21984	-	5608	13	7	0.996446339729922	0.998756218905473
21985	-	5609	12	7	0.996624022743426	0.998756218905473
21986	-	5608	13	7	0.996446339729922	0.998756218905473
21994	-	5607	16	5	0.996268656716418	0.99911158493248
22042	-	5619	3	6	0.998400852878465	0.998933901918977
22067	-	5620	2	6	0.998578535891969	0.998933901918977
22068	-	5620	2	6	0.998578535891969	0.998933901918977
22088	-	5607	13	8	0.996268656716418	0.998578535891969
22089	-	5610	10	8	0.99680170575693	0.998578535891969
22121	-	5610	3	15	0.99680170575693	0.997334754797441
22140	-	5611	3	14	0.996979388770434	0.997512437810945
22146	-	5611	5	12	0.996979388770434	0.997867803837953
22166	-	5614	2	12	0.997512437810945	0.997867803837953
22167	-	5614	3	11	0.997512437810945	0.998045486851457
22199	-	5607	10	11	0.996268656716418	0.998045486851457
22223	-	5610	11	7	0.99680170575693	0.998756218905473
22224	-	5610	12	6	0.99680170575693	0.998933901918977
22225	-	5615	7	6	0.997690120824449	0.998933901918977
22232	-	5619	3	6	0.998400852878465	0.998933901918977
22250	-	5620	3	5	0.998578535891969	0.99911158493248
22278	-	5617	7	4	0.998045486851457	0.999289267945984
22286	-	5618	5	5	0.998223169864961	0.99911158493248
22295	-	5618	5	5	0.998223169864961	0.99911158493248
22310	-	5601	13	14	0.995202558635394	0.997512437810945
22388	-	5323	28	277	0.945806680881308	0.950781805259417
22389	-	5322	27	279	0.945628997867804	0.950426439232409
22518	-	5338	27	263	0.948471926083866	0.953269367448472
22551	-	5599	3	26	0.994847192608387	0.995380241648898
22577	-	5607	4	17	0.996268656716418	0.996979388770434
22578	-	5607	4	17	0.996268656716418	0.996979388770434
22588	-	5603	7	18	0.995557924662402	0.99680170575693
22589	-	5603	7	18	0.995557924662402	0.99680170575693
22590	-	5603	7	18	0.995557924662402	0.99680170575693
22605	-	5604	8	16	0.995735607675906	0.997157071783937
22615	-	5605	7	16	0.99591329068941	0.997157071783937
22686	-	5606	1	21	0.996090973702914	0.996268656716418
22687	-	5606	1	21	0.996090973702914	0.996268656716418
22694	-	5606	5	17	0.996090973702914	0.996979388770434
22695	-	5607	4	17	0.996268656716418	0.996979388770434
22740	-	5604	2	22	0.995735607675906	0.996090973702914
22764	-	5604	3	21	0.995735607675906	0.996268656716418
22850	-	5624	1	3	0.999289267945984	0.999466950959488
22851	-	5624	1	3	0.999289267945984	0.999466950959488
22932	-	5587	6	35	0.99271499644634	0.993781094527363
22955	-	5591	3	34	0.993425728500355	0.993958777540867
22956	-	5591	7	30	0.993425728500355	0.994669509594883
22969	-	5582	20	26	0.99182658137882	0.995380241648898
23021	-	5586	11	31	0.992537313432836	0.994491826581379
23022	-	5586	12	30	0.992537313432836	0.994669509594883
23034	-	5583	10	35	0.992004264392324	0.993781094527363
23039	-	5583	9	36	0.992004264392324	0.993603411513859
23054	-	5585	5	38	0.992359630419332	0.993248045486851
23104	-	5568	20	40	0.989339019189765	0.992892679459844
23108	-	5569	20	39	0.989516702203269	0.993070362473348
23109	-	5570	19	39	0.989694385216773	0.993070362473348
23137	-	5587	27	14	0.99271499644634	0.997512437810945
23162	-	5626	2	0	0.999644633972992	1
23186	-	5620	5	3	0.998578535891969	0.999466950959488
23201	-	5622	5	1	0.998933901918977	0.999822316986496
23241	-	5619	8	1	0.998400852878465	0.999822316986496
23249	-	5625	3	0	0.999466950959488	1
23259	-	5623	3	2	0.99911158493248	0.999644633972992
23339	-	5625	3	0	0.999466950959488	1
23340	-	5625	2	1	0.999466950959488	0.999822316986496
23398	-	2239	3386	3	0.397832267235252	0.999466950959488
23470	-	5625	1	2	0.999466950959488	0.999644633972992
23491	-	5624	4	0	0.999289267945984	1
23492	-	5624	4	0	0.999289267945984	1
23493	-	5625	3	0	0.999466950959488	1
23513	-	5619	9	0	0.998400852878465	1
23717	-	5561	65	2	0.988095238095238	0.999644633972992
23718	-	5562	64	2	0.988272921108742	0.999644633972992
23791	-	5624	2	2	0.999289267945984	0.999644633972992
23821	-	5624	3	1	0.999289267945984	0.999822316986496
23822	-	5624	3	1	0.999289267945984	0.999822316986496
23840	-	5613	12	3	0.997334754797441	0.999466950959488
23841	-	5613	12	3	0.997334754797441	0.999466950959488
23842	-	5613	12	3	0.997334754797441	0.999466950959488
23864	-	5622	4	2	0.998933901918977	0.999644633972992
23908	-	5621	2	5	0.998756218905473	0.99911158493248
23909	-	5621	2	5	0.998756218905473	0.99911158493248
23910	-	5594	29	5	0.993958777540867	0.99911158493248
23929	-	5572	49	7	0.990049751243781	0.998756218905473
23954	-	5617	3	8	0.998045486851457	0.998578535891969
23955	-	5617	3	8	0.998045486851457	0.998578535891969
23963	-	5618	2	8	0.998223169864961	0.998578535891969
23964	-	5618	2	8	0.998223169864961	0.998578535891969
23969	-	5615	5	8	0.997690120824449	0.998578535891969
23970	-	5614	6	8	0.997512437810945	0.998578535891969
23971	-	5614	6	8	0.997512437810945	0.998578535891969
24015	-	5557	67	4	0.987384506041222	0.999289267945984
24031	-	5563	63	2	0.988450604122246	0.999644633972992
24032	-	5562	64	2	0.988272921108742	0.999644633972992
24115	-	5614	9	5	0.997512437810945	0.99911158493248
24129	-	5619	3	6	0.998400852878465	0.998933901918977
24145	-	5623	2	3	0.99911158493248	0.999466950959488
24146	-	5623	2	3	0.99911158493248	0.999466950959488
24155	-	5622	3	3	0.998933901918977	0.999466950959488
24228	-	5619	6	3	0.998400852878465	0.999466950959488
24258	-	5624	1	3	0.999289267945984	0.999466950959488
24282	-	5625	2	1	0.999466950959488	0.999822316986496
24345	-	5623	4	1	0.99911158493248	0.999822316986496
24379	-	5599	6	23	0.994847192608387	0.99591329068941
24440	-	5623	1	4	0.99911158493248	0.999289267945984
24473	-	5621	1	6	0.998756218905473	0.998933901918977
24474	-	5621	1	6	0.998756218905473	0.998933901918977
24484	-	5623	0	5	0.99911158493248	0.99911158493248
24493	-	5627	0	1	0.999822316986496	0.999822316986496
24494	-	5627	0	1	0.999822316986496	0.999822316986496
24508	-	5625	3	0	0.999466950959488	1
24575	-	5623	4	1	0.99911158493248	0.999822316986496
24689	-	5562	65	1	0.988272921108742	0.999822316986496
24690	-	5562	65	1	0.988272921108742	0.999822316986496
24691	-	5562	65	1	0.988272921108742	0.999822316986496
24808	-	5621	7	0	0.998756218905473	1
24831	-	5624	2	2	0.999289267945984	0.999644633972992
24849	-	5564	63	1	0.98862828713575	0.999822316986496
24853	-	5564	63	1	0.98862828713575	0.999822316986496
24873	-	5623	5	0	0.99911158493248	1
24890	-	5620	8	0	0.998578535891969	1
24891	-	5620	6	2	0.998578535891969	0.999644633972992
24892	-	5620	6	2	0.998578535891969	0.999644633972992
24927	-	5619	6	3	0.998400852878465	0.999466950959488
24976	-	5619	5	4	0.998400852878465	0.999289267945984
24986	-	5617	7	4	0.998045486851457	0.999289267945984
25031	-	5616	11	1	0.997867803837953	0.999822316986496
25032	-	5616	11	1	0.997867803837953	0.999822316986496
25061	-	5622	5	1	0.998933901918977	0.999822316986496
25142	-	5624	3	1	0.999289267945984	0.999822316986496
25213	-	5615	11	2	0.997690120824449	0.999644633972992
25223	-	5624	2	2	0.999289267945984	0.999644633972992
25224	-	5624	2	2	0.999289267945984	0.999644633972992
25267	-	5621	7	0	0.998756218905473	1
25332	-	5576	52	0	0.990760483297797	1
25402	-	5620	5	3	0.998578535891969	0.999466950959488
25406	-	5618	7	3	0.998223169864961	0.999466950959488
25438	-	5618	7	3	0.998223169864961	0.999466950959488
25477	-	5585	41	2	0.992359630419332	0.999644633972992
25478	-	5585	41	2	0.992359630419332	0.999644633972992
25522	-	5614	11	3	0.997512437810945	0.999466950959488
25560	-	4428	1196	4	0.786780383795309	0.999289267945984
25561	-	4428	1196	4	0.786780383795309	0.999289267945984
25562	-	4428	1196	4	0.786780383795309	0.999289267945984
25631	-	5617	4	7	0.998045486851457	0.998756218905473
25635	-	5615	6	7	0.997690120824449	0.998756218905473
25655	-	5568	54	6	0.989339019189765	0.998933901918977
25665	-	5574	47	7	0.990405117270789	0.998756218905473
25677	-	5557	64	7	0.987384506041222	0.998756218905473
25678	-	5557	64	7	0.987384506041222	0.998756218905473
25708	-	5614	4	10	0.997512437810945	0.998223169864961
25709	-	5613	4	11	0.997334754797441	0.998045486851457
25719	-	5611	9	8	0.996979388770434	0.998578535891969
25726	-	5613	8	7	0.997334754797441	0.998756218905473
25754	-	5611	4	13	0.996979388770434	0.997690120824449
25776	-	5602	15	11	0.995380241648898	0.998045486851457
25782	-	5599	19	10	0.994847192608387	0.998223169864961
25815	-	5610	4	14	0.99680170575693	0.997512437810945
25831	-	5611	5	12	0.996979388770434	0.997867803837953
25832	-	5612	4	12	0.997157071783937	0.997867803837953
25836	-	5609	7	12	0.996624022743426	0.997867803837953
25932	-	5617	8	3	0.998045486851457	0.999466950959488
26184	-	5620	7	1	0.998578535891969	0.999822316986496
26218	-	5611	14	3	0.996979388770434	0.999466950959488
26262	-	5623	3	2	0.99911158493248	0.999644633972992
26304	-	5612	14	2	0.997157071783937	0.999644633972992
26305	-	5612	14	2	0.997157071783937	0.999644633972992
26306	-	5612	14	2	0.997157071783937	0.999644633972992
26314	-	5609	17	2	0.996624022743426	0.999644633972992
26413	-	5618	5	5	0.998223169864961	0.99911158493248
26414	-	5619	4	5	0.998400852878465	0.99911158493248
26415	-	5619	5	4	0.998400852878465	0.999289267945984
26421	-	5622	3	3	0.998933901918977	0.999466950959488
26498	-	5613	13	2	0.997334754797441	0.999644633972992
26499	-	5613	13	2	0.997334754797441	0.999644633972992
26500	-	5613	14	1	0.997334754797441	0.999822316986496
26506	-	5621	6	1	0.998756218905473	0.999822316986496
26514	-	5532	92	4	0.982942430703625	0.999289267945984
26519	-	5529	96	3	0.982409381663113	0.999466950959488
26520	-	5529	96	3	0.982409381663113	0.999466950959488
26601	-	5622	4	2	0.998933901918977	0.999644633972992
26621	-	5618	8	2	0.998223169864961	0.999644633972992
26635	-	5619	6	3	0.998400852878465	0.999466950959488
26659	-	5618	8	2	0.998223169864961	0.999644633972992
26660	-	5618	8	2	0.998223169864961	0.999644633972992
26661	-	5620	6	2	0.998578535891969	0.999644633972992
26681	-	5619	6	3	0.998400852878465	0.999466950959488
26682	-	5623	2	3	0.99911158493248	0.999466950959488
26709	-	5617	9	2	0.998045486851457	0.999644633972992
26718	-	5538	89	1	0.984008528784648	0.999822316986496
26719	-	5538	89	1	0.984008528784648	0.999822316986496
26735	-	5606	19	3	0.996090973702914	0.999466950959488
26823	-	5623	3	2	0.99911158493248	0.999644633972992
26833	-	5623	4	1	0.99911158493248	0.999822316986496
27053	-	5620	7	1	0.998578535891969	0.999822316986496
27102	-	5624	3	1	0.999289267945984	0.999822316986496
27103	-	5624	3	1	0.999289267945984	0.999822316986496
27180	-	5625	2	1	0.999466950959488	0.999822316986496
27209	-	5617	10	1	0.998045486851457	0.999822316986496
27224	-	5617	11	0	0.998045486851457	1
27268	-	5609	14	5	0.996624022743426	0.99911158493248
27269	-	5610	13	5	0.99680170575693	0.99911158493248
27276	-	5607	16	5	0.996268656716418	0.99911158493248
27282	-	5613	10	5	0.997334754797441	0.99911158493248
27322	-	5607	15	6	0.996268656716418	0.998933901918977
27411	-	5614	10	4	0.997512437810945	0.999289267945984
27412	-	5613	11	4	0.997334754797441	0.999289267945984
27447	-	5624	1	3	0.999289267945984	0.999466950959488
27486	-	5624	4	0	0.999289267945984	1
27487	-	5620	8	0	0.998578535891969	1
27533	-	5593	12	23	0.993781094527363	0.99591329068941
27557	-	5589	5	34	0.993070362473348	0.993958777540867
27572	-	5584	13	31	0.992181947405828	0.994491826581379
27584	-	5583	13	32	0.992004264392324	0.994314143567875
27589	-	5588	8	32	0.992892679459844	0.994314143567875
27590	-	5587	9	32	0.99271499644634	0.994314143567875
27642	-	5583	8	37	0.992004264392324	0.993425728500355
27684	-	5579	9	40	0.991293532338308	0.992892679459844
27696	-	5582	6	40	0.99182658137882	0.992892679459844
27697	-	5583	7	38	0.992004264392324	0.993248045486851
27698	-	5584	6	38	0.992181947405828	0.993248045486851
27722	-	5590	5	33	0.993248045486851	0.994136460554371
27732	-	5578	18	32	0.991115849324805	0.994314143567875
27770	-	5597	4	27	0.994491826581379	0.995202558635394
27789	-	5589	17	22	0.993070362473348	0.996090973702914
27796	-	5613	11	4	0.997334754797441	0.999289267945984
27797	-	5613	13	2	0.997334754797441	0.999644633972992
27798	-	5616	10	2	0.997867803837953	0.999644633972992
27805	-	5623	5	0	0.99911158493248	1
27821	-	5625	2	1	0.999466950959488	0.999822316986496
27822	-	5625	2	1	0.999466950959488	0.999822316986496
27841	-	5623	3	2	0.99911158493248	0.999644633972992
27842	-	5623	3	2	0.99911158493248	0.999644633972992
27904	-	5618	8	2	0.998223169864961	0.999644633972992
27911	-	5615	10	3	0.997690120824449	0.999466950959488
27912	-	5615	10	3	0.997690120824449	0.999466950959488
27943	-	5624	2	2	0.999289267945984	0.999644633972992
27960	-	5582	44	2	0.99182658137882	0.999644633972992
28065	-	5555	71	2	0.987029140014215	0.999644633972992
28139	-	4719	908	1	0.838486140724947	0.999822316986496
28146	-	5623	4	1	0.99911158493248	0.999822316986496
28152	-	5623	4	1	0.99911158493248	0.999822316986496
28153	-	5623	4	1	0.99911158493248	0.999822316986496
28219	-	5615	11	2	0.997690120824449	0.999644633972992
28220	-	5615	11	2	0.997690120824449	0.999644633972992
28221	-	5615	11	2	0.997690120824449	0.999644633972992
28247	-	5614	11	3	0.997512437810945	0.999466950959488
28248	-	5614	11	3	0.997512437810945	0.999466950959488
28254	-	5625	2	1	0.999466950959488	0.999822316986496
28326	-	5577	51	0	0.990938166311301	1
28409	-	5627	1	0	0.999822316986496	1
28604	-	5623	5	0	0.99911158493248	1
28937	-	5626	1	1	0.999644633972992	0.999822316986496
29096	-	5626	2	0	0.999644633972992	1
29132	-	5599	27	2	0.994847192608387	0.999644633972992
29133	-	5599	27	2	0.994847192608387	0.999644633972992
29196	-	5617	9	2	0.998045486851457	0.999644633972992
29312	-	5624	4	0	0.999289267945984	1
29329	-	5623	4	1	0.99911158493248	0.999822316986496
29330	-	5623	4	1	0.99911158493248	0.999822316986496
29474	-	5581	12	35	0.991648898365316	0.993781094527363
29483	-	5590	4	34	0.993248045486851	0.993958777540867
29578	-	5575	15	38	0.990582800284293	0.993248045486851
29579	-	5572	18	38	0.990049751243781	0.993248045486851
29585	-	5572	16	40	0.990049751243781	0.992892679459844
29586	-	5574	14	40	0.990405117270789	0.992892679459844
29592	-	5574	14	40	0.990405117270789	0.992892679459844
29664	-	5508	23	97	0.978678038379531	0.982764747690121
29684	-	5413	69	146	0.96179815209666	0.974058280028429
29730	-	5285	216	127	0.939054726368159	0.977434257285004
29731	-	5282	219	127	0.938521677327647	0.977434257285004
29824	-	3459	36	2133	0.614605543710021	0.621002132196162
29825	-	3332	139	2157	0.592039800995025	0.616737739872068
29849	-	1327	93	4208	0.235785358919687	0.252309879175551
29850	-	1288	76	4264	0.228855721393035	0.242359630419332
